{
    "animation": [
        {
            "name": "Leg_ik_L",
            "time": [0.0, 0.0167, 0.0333, 0.05, 0.0667, 0.0833, 0.1, 0.1167, 0.1333, 0.15, 0.1667, 0.1833, 0.2, 0.2167, 0.2333, 0.25, 0.2667, 0.2833, 0.3, 0.3167, 0.3333, 0.35, 0.3667, 0.3833, 0.4, 0.4167, 0.4333, 0.45, 0.4667, 0.4833, 0.5, 0.5167, 0.5333, 0.55, 0.5667, 0.5833, 0.6, 0.6167, 0.6333, 0.65, 0.6667, 0.6833, 0.7, 0.7167, 0.7333, 0.75, 0.7667, 0.7833, 0.8, 0.8167, 0.8333, 0.85, 0.8667, 0.8833, 0.9, 0.9167, 0.9333, 0.95, 0.9667, 0.9833, 1.0],
            "transform": [
                [1.0, 0.0, 1e-06, -0.27277, 0.0, 1.0, 0.0, 0.137155, -1e-06, 0.0, 1.0, 0.011421, 0.0, 0.0, 0.0, 1.0],
                [1.0, 0.0, 1e-06, -0.27277, 0.0, 1.0, 0.0, 0.137155, -1e-06, 0.0, 1.0, 0.011421, 0.0, 0.0, 0.0, 1.0],
                [1.0, 0.0, 1e-06, -0.27277, 0.0, 1.0, 0.0, 0.137155, -1e-06, 0.0, 1.0, 0.011421, 0.0, 0.0, 0.0, 1.0],
                [1.0, 0.0, 1e-06, -0.27277, 0.0, 1.0, 0.0, 0.137155, -1e-06, 0.0, 1.0, 0.011421, 0.0, 0.0, 0.0, 1.0],
                [1.0, 0.0, 1e-06, -0.27277, 0.0, 1.0, 0.0, 0.137155, -1e-06, 0.0, 1.0, 0.011421, 0.0, 0.0, 0.0, 1.0],
                [1.0, 0.0, 1e-06, -0.27277, 0.0, 1.0, 0.0, 0.137155, -1e-06, 0.0, 1.0, 0.011421, 0.0, 0.0, 0.0, 1.0],
                [1.0, 0.0, 1e-06, -0.27277, 0.0, 1.0, 0.0, 0.137155, -1e-06, 0.0, 1.0, 0.011421, 0.0, 0.0, 0.0, 1.0],
                [1.0, 0.0, 1e-06, -0.27277, 0.0, 1.0, 0.0, 0.137155, -1e-06, 0.0, 1.0, 0.011421, 0.0, 0.0, 0.0, 1.0],
                [1.0, 0.0, 1e-06, -0.27277, 0.0, 1.0, 0.0, 0.137155, -1e-06, 0.0, 1.0, 0.011421, 0.0, 0.0, 0.0, 1.0],
                [1.0, 0.0, 1e-06, -0.27277, 0.0, 1.0, 0.0, 0.137155, -1e-06, 0.0, 1.0, 0.011421, 0.0, 0.0, 0.0, 1.0],
                [1.0, 0.0, 1e-06, -0.27277, 0.0, 1.0, 0.0, 0.137155, -1e-06, 0.0, 1.0, 0.011421, 0.0, 0.0, 0.0, 1.0],
                [1.0, 0.0, 1e-06, -0.27277, 0.0, 1.0, 0.0, 0.137155, -1e-06, 0.0, 1.0, 0.011421, 0.0, 0.0, 0.0, 1.0],
                [1.0, 0.0, 1e-06, -0.27277, 0.0, 1.0, 0.0, 0.137155, -1e-06, 0.0, 1.0, 0.011421, 0.0, 0.0, 0.0, 1.0],
                [1.0, 0.0, 1e-06, -0.27277, 0.0, 1.0, 0.0, 0.137155, -1e-06, 0.0, 1.0, 0.011421, 0.0, 0.0, 0.0, 1.0],
                [1.0, 0.0, 1e-06, -0.27277, 0.0, 1.0, 0.0, 0.137155, -1e-06, 0.0, 1.0, 0.011421, 0.0, 0.0, 0.0, 1.0],
                [1.0, 0.0, 1e-06, -0.27277, 0.0, 1.0, 0.0, 0.137155, -1e-06, 0.0, 1.0, 0.011421, 0.0, 0.0, 0.0, 1.0],
                [1.0, 0.0, 1e-06, -0.27277, 0.0, 1.0, 0.0, 0.137155, -1e-06, 0.0, 1.0, 0.011421, 0.0, 0.0, 0.0, 1.0],
                [1.0, 0.0, 1e-06, -0.27277, 0.0, 1.0, 0.0, 0.137155, -1e-06, 0.0, 1.0, 0.011421, 0.0, 0.0, 0.0, 1.0],
                [1.0, 0.0, 1e-06, -0.27277, 0.0, 1.0, 0.0, 0.137155, -1e-06, 0.0, 1.0, 0.011421, 0.0, 0.0, 0.0, 1.0],
                [1.0, 0.0, 1e-06, -0.27277, 0.0, 1.0, 0.0, 0.137155, -1e-06, 0.0, 1.0, 0.011421, 0.0, 0.0, 0.0, 1.0],
                [1.0, 0.0, 1e-06, -0.27277, 0.0, 1.0, 0.0, 0.137155, -1e-06, 0.0, 1.0, 0.011421, 0.0, 0.0, 0.0, 1.0],
                [1.0, 0.0, 1e-06, -0.272967, 0.0, 1.0, 0.0, 0.138419, -1e-06, 0.0, 1.0, 0.011677, 0.0, 0.0, 0.0, 1.0],
                [1.0, 0.0, 1e-06, -0.273546, 0.0, 1.0, 0.0, 0.142118, -1e-06, 0.0, 1.0, 0.012421, 0.0, 0.0, 0.0, 1.0],
                [1.0, 0.0, 1e-06, -0.274486, 0.0, 1.0, 0.0, 0.148106, -1e-06, 0.0, 1.0, 0.013618, 0.0, 0.0, 0.0, 1.0],
                [1.0, 0.0, 1e-06, -0.275768, 0.0, 1.0, 0.0, 0.15624, -1e-06, 0.0, 1.0, 0.015234, 0.0, 0.0, 0.0, 1.0],
                [1.0, 0.0, 1e-06, -0.27737, 0.0, 1.0, 0.0, 0.166377, -1e-06, 0.0, 1.0, 0.017233, 0.0, 0.0, 0.0, 1.0],
                [1.0, 0.0, 1e-06, -0.279274, 0.0, 1.0, 0.0, 0.178374, -1e-06, 0.0, 1.0, 0.019581, 0.0, 0.0, 0.0, 1.0],
                [1.0, 0.0, 1e-06, -0.281458, 0.0, 1.0, 0.0, 0.192085, -1e-06, 0.0, 1.0, 0.022243, 0.0, 0.0, 0.0, 1.0],
                [1.0, 0.0, 1e-06, -0.283904, 0.0, 1.0, 0.0, 0.207368, -1e-06, 0.0, 1.0, 0.025185, 0.0, 0.0, 0.0, 1.0],
                [1.0, 0.0, 1e-06, -0.286591, 0.0, 1.0, 0.0, 0.22408, -1e-06, 0.0, 1.0, 0.02837, 0.0, 0.0, 0.0, 1.0],
                [1.0, 0.0, 1e-06, -0.289498, 0.0, 1.0, 0.0, 0.242076, -1e-06, 0.0, 1.0, 0.031764, 0.0, 0.0, 0.0, 1.0],
                [1.0, 0.0, 1e-06, -0.292606, 0.0, 1.0, 0.0, 0.261212, -1e-06, 0.0, 1.0, 0.035333, 0.0, 0.0, 0.0, 1.0],
                [1.0, 0.0, 1e-06, -0.295895, 0.0, 1.0, 0.0, 0.281346, -1e-06, 0.0, 1.0, 0.039041, 0.0, 0.0, 0.0, 1.0],
                [1.0, 0.0, 1e-06, -0.299344, 0.0, 1.0, 0.0, 0.302334, -1e-06, 0.0, 1.0, 0.042854, 0.0, 0.0, 0.0, 1.0],
                [1.0, 0.0, 1e-06, -0.302934, 0.0, 1.0, 0.0, 0.324031, -1e-06, 0.0, 1.0, 0.046737, 0.0, 0.0, 0.0, 1.0],
                [1.0, 0.0, 1e-06, -0.306644, 0.0, 1.0, 0.0, 0.346294, -1e-06, 0.0, 1.0, 0.050654, 0.0, 0.0, 0.0, 1.0],
                [1.0, 0.0, 1e-06, -0.310455, 0.0, 1.0, 0.0, 0.368981, -1e-06, 0.0, 1.0, 0.054572, 0.0, 0.0, 0.0, 1.0],
                [1.0, 0.0, 1e-06, -0.314346, 0.0, 1.0, 0.0, 0.391946, -1e-06, 0.0, 1.0, 0.058455, 0.0, 0.0, 0.0, 1.0],
                [1.0, 0.0, 1e-06, -0.318297, 0.0, 1.0, 0.0, 0.415046, -1e-06, 0.0, 1.0, 0.062268, 0.0, 0.0, 0.0, 1.0],
                [1.0, 0.0, 1e-06, -0.322288, 0.0, 1.0, 0.0, 0.438138, -1e-06, 0.0, 1.0, 0.065976, 0.0, 0.0, 0.0, 1.0],
                [1.0, 0.0, 1e-06, -0.3263, 0.0, 1.0, 0.0, 0.461079, -1e-06, 0.0, 1.0, 0.069545, 0.0, 0.0, 0.0, 1.0],
                [1.0, 0.0, 1e-06, -0.330311, 0.0, 1.0, 0.0, 0.483723, -1e-06, 0.0, 1.0, 0.072939, 0.0, 0.0, 0.0, 1.0],
                [1.0, 0.0, 1e-06, -0.334303, 0.0, 1.0, 0.0, 0.505928, -1e-06, 0.0, 1.0, 0.076124, 0.0, 0.0, 0.0, 1.0],
                [1.0, 0.0, 1e-06, -0.338254, 0.0, 1.0, 0.0, 0.527551, -1e-06, 0.0, 1.0, 0.079065, 0.0, 0.0, 0.0, 1.0],
                [1.0, 0.0, 1e-06, -0.342145, 0.0, 1.0, 0.0, 0.548447, -1e-06, 0.0, 1.0, 0.081727, 0.0, 0.0, 0.0, 1.0],
                [1.0, 0.0, 1e-06, -0.345955, 0.0, 1.0, 0.0, 0.568473, -1e-06, 0.0, 1.0, 0.084076, 0.0, 0.0, 0.0, 1.0],
                [1.0, 0.0, 1e-06, -0.349666, 0.0, 1.0, 0.0, 0.587485, -1e-06, 0.0, 1.0, 0.086075, 0.0, 0.0, 0.0, 1.0],
                [1.0, 0.0, 1e-06, -0.353255, 0.0, 1.0, 0.0, 0.605339, -1e-06, 0.0, 1.0, 0.087691, 0.0, 0.0, 0.0, 1.0],
                [1.0, 0.0, 1e-06, -0.356705, 0.0, 1.0, 0.0, 0.621893, -1e-06, 0.0, 1.0, 0.088888, 0.0, 0.0, 0.0, 1.0],
                [1.0, 0.0, 1e-06, -0.359994, 0.0, 1.0, 0.0, 0.637001, -1e-06, 0.0, 1.0, 0.089632, 0.0, 0.0, 0.0, 1.0],
                [1.0, 0.0, 1e-06, -0.363102, 0.0, 1.0, 0.0, 0.650522, -1e-06, 0.0, 1.0, 0.089888, 0.0, 0.0, 0.0, 1.0],
                [1.0, 0.0, 1e-06, -0.366009, 0.0, 1.0, 0.0, 0.66235, -1e-06, 0.0, 1.0, 0.087691, 0.0, 0.0, 0.0, 1.0],
                [1.0, 0.0, 1e-06, -0.368695, 0.0, 1.0, 0.0, 0.672538, -1e-06, 0.0, 1.0, 0.081727, 0.0, 0.0, 0.0, 1.0],
                [1.0, 0.0, 1e-06, -0.371141, 0.0, 1.0, 0.0, 0.681181, -1e-06, 0.0, 1.0, 0.072939, 0.0, 0.0, 0.0, 1.0],
                [1.0, 0.0, 1e-06, -0.373326, 0.0, 1.0, 0.0, 0.688369, -1e-06, 0.0, 1.0, 0.062268, 0.0, 0.0, 0.0, 1.0],
                [1.0, 0.0, 1e-06, -0.375229, 0.0, 1.0, 0.0, 0.694197, -1e-06, 0.0, 1.0, 0.050654, 0.0, 0.0, 0.0, 1.0],
                [1.0, 0.0, 1e-06, -0.376832, 0.0, 1.0, 0.0, 0.698758, -1e-06, 0.0, 1.0, 0.039041, 0.0, 0.0, 0.0, 1.0],
                [1.0, 0.0, 1e-06, -0.378113, 0.0, 1.0, 0.0, 0.702143, -1e-06, 0.0, 1.0, 0.02837, 0.0, 0.0, 0.0, 1.0],
                [1.0, 0.0, 1e-06, -0.379054, 0.0, 1.0, 0.0, 0.704446, -1e-06, 0.0, 1.0, 0.019581, 0.0, 0.0, 0.0, 1.0],
                [1.0, 0.0, 1e-06, -0.379632, 0.0, 1.0, 0.0, 0.70576, -1e-06, 0.0, 1.0, 0.013618, 0.0, 0.0, 0.0, 1.0],
                [1.0, 0.0, 1e-06, -0.37983, 0.0, 1.0, 0.0, 0.706177, -1e-06, 0.0, 1.0, 0.011421, 0.0, 0.0, 0.0, 1.0]
            ]
        },
        {
            "name": "Leg_ik_R",
            "time": [0.0, 0.0167, 0.0333, 0.05, 0.0667, 0.0833, 0.1, 0.1167, 0.1333, 0.15, 0.1667, 0.1833, 0.2, 0.2167, 0.2333, 0.25, 0.2667, 0.2833, 0.3, 0.3167, 0.3333, 0.35, 0.3667, 0.3833, 0.4, 0.4167, 0.4333, 0.45, 0.4667, 0.4833, 0.5, 0.5167, 0.5333, 0.55, 0.5667, 0.5833, 0.6, 0.6167, 0.6333, 0.65, 0.6667, 0.6833, 0.7, 0.7167, 0.7333, 0.75, 0.7667, 0.7833, 0.8, 0.8167, 0.8333, 0.85, 0.8667, 0.8833, 0.9, 0.9167, 0.9333, 0.95, 0.9667, 0.9833, 1.0],
            "transform": [
                [1.0, 0.0, -1e-06, 0.322342, 0.0, 1.0, 0.0, -0.13408, 1e-06, 0.0, 1.0, 0.011421, 0.0, 0.0, 0.0, 1.0],
                [1.0, 0.0, -1e-06, 0.322342, 0.0, 1.0, 0.0, -0.13408, 1e-06, 0.0, 1.0, 0.011421, 0.0, 0.0, 0.0, 1.0],
                [1.0, 0.0, -1e-06, 0.322342, 0.0, 1.0, 0.0, -0.13408, 1e-06, 0.0, 1.0, 0.011421, 0.0, 0.0, 0.0, 1.0],
                [1.0, 0.0, -1e-06, 0.322342, 0.0, 1.0, 0.0, -0.13408, 1e-06, 0.0, 1.0, 0.011421, 0.0, 0.0, 0.0, 1.0],
                [1.0, 0.0, -1e-06, 0.322342, 0.0, 1.0, 0.0, -0.13408, 1e-06, 0.0, 1.0, 0.011421, 0.0, 0.0, 0.0, 1.0],
                [1.0, 0.0, -1e-06, 0.322342, 0.0, 1.0, 0.0, -0.13408, 1e-06, 0.0, 1.0, 0.011421, 0.0, 0.0, 0.0, 1.0],
                [1.0, 0.0, -1e-06, 0.322342, 0.0, 1.0, 0.0, -0.13408, 1e-06, 0.0, 1.0, 0.011421, 0.0, 0.0, 0.0, 1.0],
                [1.0, 0.0, -1e-06, 0.322342, 0.0, 1.0, 0.0, -0.13408, 1e-06, 0.0, 1.0, 0.011421, 0.0, 0.0, 0.0, 1.0],
                [1.0, 0.0, -1e-06, 0.322342, 0.0, 1.0, 0.0, -0.13408, 1e-06, 0.0, 1.0, 0.011421, 0.0, 0.0, 0.0, 1.0],
                [1.0, 0.0, -1e-06, 0.322342, 0.0, 1.0, 0.0, -0.13408, 1e-06, 0.0, 1.0, 0.011421, 0.0, 0.0, 0.0, 1.0],
                [1.0, 0.0, -1e-06, 0.322342, 0.0, 1.0, 0.0, -0.13408, 1e-06, 0.0, 1.0, 0.011421, 0.0, 0.0, 0.0, 1.0],
                [1.0, 0.0, -1e-06, 0.322342, 0.0, 1.0, 0.0, -0.119848, 1e-06, 0.0, 1.0, 0.011421, 0.0, 0.0, 0.0, 1.0],
                [1.0, 0.0, -1e-06, 0.322342, 0.0, 1.0, 0.0, -0.081216, 1e-06, 0.0, 1.0, 0.011421, 0.0, 0.0, 0.0, 1.0],
                [1.0, 0.0, -1e-06, 0.322342, 0.0, 1.0, 0.0, -0.024285, 1e-06, 0.0, 1.0, 0.011421, 0.0, 0.0, 0.0, 1.0],
                [1.0, 0.0, -1e-06, 0.322342, 0.0, 1.0, 0.0, 0.044845, 1e-06, 0.0, 1.0, 0.011421, 0.0, 0.0, 0.0, 1.0],
                [1.0, 0.0, -1e-06, 0.322342, 0.0, 1.0, 0.0, 0.120075, 1e-06, 0.0, 1.0, 0.011421, 0.0, 0.0, 0.0, 1.0],
                [1.0, 0.0, -1e-06, 0.322342, 0.0, 1.0, 0.0, 0.195304, 1e-06, 0.0, 1.0, 0.011421, 0.0, 0.0, 0.0, 1.0],
                [1.0, 0.0, -1e-06, 0.322342, 0.0, 1.0, 0.0, 0.264435, 1e-06, 0.0, 1.0, 0.011421, 0.0, 0.0, 0.0, 1.0],
                [1.0, 0.0, -1e-06, 0.322342, 0.0, 1.0, 0.0, 0.321365, 1e-06, 0.0, 1.0, 0.011421, 0.0, 0.0, 0.0, 1.0],
                [1.0, 0.0, -1e-06, 0.322342, 0.0, 1.0, 0.0, 0.359997, 1e-06, 0.0, 1.0, 0.011421, 0.0, 0.0, 0.0, 1.0],
                [1.0, 0.0, -1e-06, 0.322342, 0.0, 1.0, 0.0, 0.374229, 1e-06, 0.0, 1.0, 0.011421, 0.0, 0.0, 0.0, 1.0],
                [1.0, 0.0, -1e-06, 0.322342, 0.0, 1.0, 0.0, 0.374229, 1e-06, 0.0, 1.0, 0.011421, 0.0, 0.0, 0.0, 1.0],
                [1.0, 0.0, -1e-06, 0.322342, 0.0, 1.0, 0.0, 0.374229, 1e-06, 0.0, 1.0, 0.011421, 0.0, 0.0, 0.0, 1.0],
                [1.0, 0.0, -1e-06, 0.322342, 0.0, 1.0, 0.0, 0.374229, 1e-06, 0.0, 1.0, 0.011421, 0.0, 0.0, 0.0, 1.0],
                [1.0, 0.0, -1e-06, 0.322342, 0.0, 1.0, 0.0, 0.374229, 1e-06, 0.0, 1.0, 0.011421, 0.0, 0.0, 0.0, 1.0],
                [1.0, 0.0, -1e-06, 0.322342, 0.0, 1.0, 0.0, 0.374229, 1e-06, 0.0, 1.0, 0.011421, 0.0, 0.0, 0.0, 1.0],
                [1.0, 0.0, -1e-06, 0.322342, 0.0, 1.0, 0.0, 0.374229, 1e-06, 0.0, 1.0, 0.011421, 0.0, 0.0, 0.0, 1.0],
                [1.0, 0.0, -1e-06, 0.322342, 0.0, 1.0, 0.0, 0.374229, 1e-06, 0.0, 1.0, 0.011421, 0.0, 0.0, 0.0, 1.0],
                [1.0, 0.0, -1e-06, 0.322342, 0.0, 1.0, 0.0, 0.374229, 1e-06, 0.0, 1.0, 0.011421, 0.0, 0.0, 0.0, 1.0],
                [1.0, 0.0, -1e-06, 0.322342, 0.0, 1.0, 0.0, 0.374229, 1e-06, 0.0, 1.0, 0.011421, 0.0, 0.0, 0.0, 1.0],
                [1.0, 0.0, -1e-06, 0.322342, 0.0, 1.0, 0.0, 0.374229, 1e-06, 0.0, 1.0, 0.011421, 0.0, 0.0, 0.0, 1.0],
                [1.0, 0.0, -1e-06, 0.322342, 0.0, 1.0, 0.0, 0.374229, 1e-06, 0.0, 1.0, 0.011421, 0.0, 0.0, 0.0, 1.0],
                [1.0, 0.0, -1e-06, 0.322342, 0.0, 1.0, 0.0, 0.374229, 1e-06, 0.0, 1.0, 0.011421, 0.0, 0.0, 0.0, 1.0],
                [1.0, 0.0, -1e-06, 0.322342, 0.0, 1.0, 0.0, 0.374229, 1e-06, 0.0, 1.0, 0.011421, 0.0, 0.0, 0.0, 1.0],
                [1.0, 0.0, -1e-06, 0.322342, 0.0, 1.0, 0.0, 0.374229, 1e-06, 0.0, 1.0, 0.011421, 0.0, 0.0, 0.0, 1.0],
                [1.0, 0.0, -1e-06, 0.322342, 0.0, 1.0, 0.0, 0.374229, 1e-06, 0.0, 1.0, 0.011421, 0.0, 0.0, 0.0, 1.0],
                [1.0, 0.0, -1e-06, 0.322342, 0.0, 1.0, 0.0, 0.374229, 1e-06, 0.0, 1.0, 0.011421, 0.0, 0.0, 0.0, 1.0],
                [1.0, 0.0, -1e-06, 0.322342, 0.0, 1.0, 0.0, 0.374229, 1e-06, 0.0, 1.0, 0.011421, 0.0, 0.0, 0.0, 1.0],
                [1.0, 0.0, -1e-06, 0.322342, 0.0, 1.0, 0.0, 0.374229, 1e-06, 0.0, 1.0, 0.011421, 0.0, 0.0, 0.0, 1.0],
                [1.0, 0.0, -1e-06, 0.322342, 0.0, 1.0, 0.0, 0.374229, 1e-06, 0.0, 1.0, 0.011421, 0.0, 0.0, 0.0, 1.0],
                [1.0, 0.0, -1e-06, 0.322342, 0.0, 1.0, 0.0, 0.374229, 1e-06, 0.0, 1.0, 0.011421, 0.0, 0.0, 0.0, 1.0],
                [1.0, 0.0, -1e-06, 0.322342, 0.0, 1.0, 0.0, 0.374229, 1e-06, 0.0, 1.0, 0.011421, 0.0, 0.0, 0.0, 1.0],
                [1.0, 0.0, -1e-06, 0.322342, 0.0, 1.0, 0.0, 0.374229, 1e-06, 0.0, 1.0, 0.011421, 0.0, 0.0, 0.0, 1.0],
                [1.0, 0.0, -1e-06, 0.322342, 0.0, 1.0, 0.0, 0.374229, 1e-06, 0.0, 1.0, 0.011421, 0.0, 0.0, 0.0, 1.0],
                [1.0, 0.0, -1e-06, 0.322342, 0.0, 1.0, 0.0, 0.374229, 1e-06, 0.0, 1.0, 0.011421, 0.0, 0.0, 0.0, 1.0],
                [1.0, 0.0, -1e-06, 0.322342, 0.0, 1.0, 0.0, 0.374229, 1e-06, 0.0, 1.0, 0.011421, 0.0, 0.0, 0.0, 1.0],
                [1.0, 0.0, -1e-06, 0.322342, 0.0, 1.0, 0.0, 0.374229, 1e-06, 0.0, 1.0, 0.011421, 0.0, 0.0, 0.0, 1.0],
                [1.0, 0.0, -1e-06, 0.322342, 0.0, 1.0, 0.0, 0.374229, 1e-06, 0.0, 1.0, 0.011421, 0.0, 0.0, 0.0, 1.0],
                [1.0, 0.0, -1e-06, 0.322342, 0.0, 1.0, 0.0, 0.374229, 1e-06, 0.0, 1.0, 0.011421, 0.0, 0.0, 0.0, 1.0],
                [1.0, 0.0, -1e-06, 0.322342, 0.0, 1.0, 0.0, 0.374229, 1e-06, 0.0, 1.0, 0.011421, 0.0, 0.0, 0.0, 1.0],
                [1.0, 0.0, -1e-06, 0.322342, 0.0, 1.0, 0.0, 0.374229, 1e-06, 0.0, 1.0, 0.011421, 0.0, 0.0, 0.0, 1.0],
                [1.0, 0.0, -1e-06, 0.322342, 0.0, 1.0, 0.0, 0.374229, 1e-06, 0.0, 1.0, 0.011421, 0.0, 0.0, 0.0, 1.0],
                [1.0, 0.0, -1e-06, 0.322342, 0.0, 1.0, 0.0, 0.374229, 1e-06, 0.0, 1.0, 0.011421, 0.0, 0.0, 0.0, 1.0],
                [1.0, 0.0, -1e-06, 0.322342, 0.0, 1.0, 0.0, 0.374229, 1e-06, 0.0, 1.0, 0.011421, 0.0, 0.0, 0.0, 1.0],
                [1.0, 0.0, -1e-06, 0.322342, 0.0, 1.0, 0.0, 0.374229, 1e-06, 0.0, 1.0, 0.011421, 0.0, 0.0, 0.0, 1.0],
                [1.0, 0.0, -1e-06, 0.322342, 0.0, 1.0, 0.0, 0.374229, 1e-06, 0.0, 1.0, 0.011421, 0.0, 0.0, 0.0, 1.0],
                [1.0, 0.0, -1e-06, 0.322342, 0.0, 1.0, 0.0, 0.374229, 1e-06, 0.0, 1.0, 0.011421, 0.0, 0.0, 0.0, 1.0],
                [1.0, 0.0, -1e-06, 0.322342, 0.0, 1.0, 0.0, 0.374229, 1e-06, 0.0, 1.0, 0.011421, 0.0, 0.0, 0.0, 1.0],
                [1.0, 0.0, -1e-06, 0.322342, 0.0, 1.0, 0.0, 0.374229, 1e-06, 0.0, 1.0, 0.011421, 0.0, 0.0, 0.0, 1.0],
                [1.0, 0.0, -1e-06, 0.322342, 0.0, 1.0, 0.0, 0.374229, 1e-06, 0.0, 1.0, 0.011421, 0.0, 0.0, 0.0, 1.0],
                [1.0, 0.0, -1e-06, 0.322342, 0.0, 1.0, 0.0, 0.374229, 1e-06, 0.0, 1.0, 0.011421, 0.0, 0.0, 0.0, 1.0]
            ]
        },
        {
            "name": "Root",
            "time": [0.0, 0.0167, 0.0333, 0.05, 0.0667, 0.0833, 0.1, 0.1167, 0.1333, 0.15, 0.1667, 0.1833, 0.2, 0.2167, 0.2333, 0.25, 0.2667, 0.2833, 0.3, 0.3167, 0.3333, 0.35, 0.3667, 0.3833, 0.4, 0.4167, 0.4333, 0.45, 0.4667, 0.4833, 0.5, 0.5167, 0.5333, 0.55, 0.5667, 0.5833, 0.6, 0.6167, 0.6333, 0.65, 0.6667, 0.6833, 0.7, 0.7167, 0.7333, 0.75, 0.7667, 0.7833, 0.8, 0.8167, 0.8333, 0.85, 0.8667, 0.8833, 0.9, 0.9167, 0.9333, 0.95, 0.9667, 0.9833, 1.0],
            "transform": [
                [0.961077, -0.027518, 0.274907, -5e-06, 0.273744, -0.03968, -0.960984, 0.000946, 0.037353, 0.998833, -0.030602, 0.688557, 0.0, 0.0, 0.0, 1.0],
                [0.961019, -0.027723, 0.275089, -5e-06, 0.273899, -0.040256, -0.960916, 0.000946, 0.037713, 0.998805, -0.031093, 0.688557, 0.0, 0.0, 0.0, 1.0],
                [0.960649, -0.028263, 0.276325, -5e-06, 0.275056, -0.041832, -0.960518, 0.000946, 0.038706, 0.998725, -0.032412, 0.688557, 0.0, 0.0, 0.0, 1.0],
                [0.959665, -0.029021, 0.279643, -5e-06, 0.278256, -0.044179, -0.95949, 0.000946, 0.0402, 0.998602, -0.034322, 0.688557, 0.0, 0.0, 0.0, 1.0],
                [0.957744, -0.029874, 0.286068, -5e-06, 0.28453, -0.047073, -0.957511, 0.000946, 0.042071, 0.998445, -0.036584, 0.688557, 0.0, 0.0, 0.0, 1.0],
                [0.954506, -0.030689, 0.296607, -5e-06, 0.294897, -0.05029, -0.954205, 0.000946, 0.0442, 0.998263, -0.038952, 0.688557, 0.0, 0.0, 0.0, 1.0],
                [0.949486, -0.031326, 0.312242, -5e-06, 0.31035, -0.053605, -0.94911, 0.000946, 0.04647, 0.998071, -0.041176, 0.688557, 0.0, 0.0, 0.0, 1.0],
                [0.942076, -0.031645, 0.333903, -5e-06, 0.331836, -0.056789, -0.941626, 0.000946, 0.04876, 0.997885, -0.042999, 0.688557, 0.0, 0.0, 0.0, 1.0],
                [0.931476, -0.031509, 0.362436, -5e-06, 0.36022, -0.059602, -0.930961, 0.000946, 0.050935, 0.997725, -0.044168, 0.688557, 0.0, 0.0, 0.0, 1.0],
                [0.91663, -0.030796, 0.398549, -5e-06, 0.39623, -0.061787, -0.91607, 0.000946, 0.052837, 0.997614, -0.044434, 0.688557, 0.0, 0.0, 0.0, 1.0],
                [0.896175, -0.029416, 0.442725, -5e-06, 0.440371, -0.063064, -0.895599, 0.000946, 0.054265, 0.997576, -0.043562, 0.688557, 0.0, 0.0, 0.0, 1.0],
                [0.853806, -0.025873, 0.519948, -5e-06, 0.517648, -0.06385, -0.853208, 0.010563, 0.055274, 0.997624, -0.041122, 0.688557, 0.0, 0.0, 0.0, 1.0],
                [0.777, -0.019856, 0.629187, -5e-06, 0.627062, -0.063483, -0.776379, 0.036094, 0.055359, 0.997785, -0.036875, 0.688557, 0.0, 0.0, 0.0, 1.0],
                [0.679586, -0.013516, 0.733471, -5e-06, 0.731642, -0.060433, -0.679005, 0.072564, 0.053504, 0.998081, -0.03118, 0.688557, 0.0, 0.0, 0.0, 1.0],
                [0.592066, -0.009269, 0.805836, -5e-06, 0.804391, -0.054151, -0.591627, 0.114998, 0.04912, 0.99849, -0.024605, 0.688557, 0.0, 0.0, 0.0, 1.0],
                [0.554201, -0.008987, 0.832334, -5e-06, 0.831309, -0.044793, -0.554003, 0.158419, 0.042262, 0.998956, -0.017353, 0.688557, 0.0, 0.0, 0.0, 1.0],
                [0.64274, -0.014025, 0.765956, -5e-06, 0.765333, -0.032519, -0.642813, 0.198649, 0.033924, 0.999373, -0.010167, 0.688557, 0.0, 0.0, 0.0, 1.0],
                [0.825431, -0.020527, 0.56413, -5e-06, 0.563878, -0.017038, -0.825682, 0.234701, 0.02656, 0.999644, -0.002489, 0.688557, 0.0, 0.0, 0.0, 1.0],
                [0.964013, -0.023115, 0.264848, -5e-06, 0.264906, -0.000556, -0.964274, 0.266385, 0.022437, 0.999733, 0.005588, 0.688557, 0.0, 0.0, 0.0, 1.0],
                [0.999766, -0.021551, -0.001846, -5e-06, -0.001595, 0.011652, -0.999931, 0.293512, 0.021571, 0.9997, 0.011615, 0.688557, 0.0, 0.0, 0.0, 1.0],
                [0.993695, -0.020103, -0.110299, -5e-06, -0.109985, 0.016109, -0.993803, 0.315892, 0.021755, 0.999668, 0.013797, 0.688557, 0.0, 0.0, 0.0, 1.0],
                [0.993695, -0.020103, -0.110299, -5e-06, -0.109985, 0.016109, -0.993803, 0.335341, 0.021755, 0.999668, 0.013797, 0.688557, 0.0, 0.0, 0.0, 1.0],
                [0.993695, -0.020103, -0.110299, -5e-06, -0.109985, 0.016109, -0.993803, 0.353818, 0.021755, 0.999668, 0.013797, 0.688557, 0.0, 0.0, 0.0, 1.0],
                [0.993695, -0.020103, -0.110299, -5e-06, -0.109985, 0.016109, -0.993803, 0.371347, 0.021755, 0.999668, 0.013797, 0.688557, 0.0, 0.0, 0.0, 1.0],
                [0.993695, -0.020103, -0.110299, -5e-06, -0.109985, 0.016109, -0.993803, 0.387954, 0.021755, 0.999668, 0.013797, 0.688557, 0.0, 0.0, 0.0, 1.0],
                [0.993695, -0.020103, -0.110299, -5e-06, -0.109985, 0.016109, -0.993803, 0.403664, 0.021755, 0.999668, 0.013797, 0.688557, 0.0, 0.0, 0.0, 1.0],
                [0.993695, -0.020103, -0.110299, -5e-06, -0.109985, 0.016109, -0.993803, 0.418501, 0.021755, 0.999668, 0.013797, 0.688557, 0.0, 0.0, 0.0, 1.0],
                [0.993695, -0.020103, -0.110299, -5e-06, -0.109985, 0.016109, -0.993803, 0.432491, 0.021755, 0.999668, 0.013797, 0.688557, 0.0, 0.0, 0.0, 1.0],
                [0.993695, -0.020103, -0.110299, -5e-06, -0.109985, 0.016109, -0.993803, 0.445658, 0.021755, 0.999668, 0.013797, 0.688557, 0.0, 0.0, 0.0, 1.0],
                [0.993695, -0.020103, -0.110299, -5e-06, -0.109985, 0.016109, -0.993803, 0.458027, 0.021755, 0.999668, 0.013797, 0.688557, 0.0, 0.0, 0.0, 1.0],
                [0.993695, -0.020103, -0.110299, -5e-06, -0.109985, 0.016109, -0.993803, 0.469623, 0.021755, 0.999668, 0.013797, 0.688557, 0.0, 0.0, 0.0, 1.0],
                [0.993695, -0.020103, -0.110299, -5e-06, -0.109985, 0.016109, -0.993803, 0.480472, 0.021755, 0.999668, 0.013797, 0.688557, 0.0, 0.0, 0.0, 1.0],
                [0.993695, -0.020103, -0.110299, -5e-06, -0.109985, 0.016109, -0.993803, 0.490597, 0.021755, 0.999668, 0.013797, 0.688557, 0.0, 0.0, 0.0, 1.0],
                [0.993695, -0.020103, -0.110299, -5e-06, -0.109985, 0.016109, -0.993803, 0.500025, 0.021755, 0.999668, 0.013797, 0.688557, 0.0, 0.0, 0.0, 1.0],
                [0.993695, -0.020103, -0.110299, -5e-06, -0.109985, 0.016109, -0.993803, 0.508779, 0.021755, 0.999668, 0.013797, 0.688557, 0.0, 0.0, 0.0, 1.0],
                [0.993695, -0.020103, -0.110299, -5e-06, -0.109985, 0.016109, -0.993803, 0.516885, 0.021755, 0.999668, 0.013797, 0.688557, 0.0, 0.0, 0.0, 1.0],
                [0.993695, -0.020103, -0.110299, -5e-06, -0.109985, 0.016109, -0.993803, 0.524368, 0.021755, 0.999668, 0.013797, 0.688557, 0.0, 0.0, 0.0, 1.0],
                [0.993695, -0.020103, -0.110299, -5e-06, -0.109985, 0.016109, -0.993803, 0.531253, 0.021755, 0.999668, 0.013797, 0.688557, 0.0, 0.0, 0.0, 1.0],
                [0.993695, -0.020103, -0.110299, -5e-06, -0.109985, 0.016109, -0.993803, 0.537564, 0.021755, 0.999668, 0.013797, 0.688557, 0.0, 0.0, 0.0, 1.0],
                [0.993695, -0.020103, -0.110299, -5e-06, -0.109985, 0.016109, -0.993803, 0.543327, 0.021755, 0.999668, 0.013797, 0.688557, 0.0, 0.0, 0.0, 1.0],
                [0.993695, -0.020103, -0.110299, -5e-06, -0.109985, 0.016109, -0.993803, 0.548567, 0.021755, 0.999668, 0.013797, 0.688557, 0.0, 0.0, 0.0, 1.0],
                [0.993695, -0.020103, -0.110299, -5e-06, -0.109985, 0.016109, -0.993803, 0.553307, 0.021755, 0.999668, 0.013797, 0.688557, 0.0, 0.0, 0.0, 1.0],
                [0.993695, -0.020103, -0.110299, -5e-06, -0.109985, 0.016109, -0.993803, 0.557574, 0.021755, 0.999668, 0.013797, 0.688557, 0.0, 0.0, 0.0, 1.0],
                [0.993695, -0.020103, -0.110299, -5e-06, -0.109985, 0.016109, -0.993803, 0.561393, 0.021755, 0.999668, 0.013797, 0.688557, 0.0, 0.0, 0.0, 1.0],
                [0.993695, -0.020103, -0.110299, -5e-06, -0.109985, 0.016109, -0.993803, 0.564787, 0.021755, 0.999668, 0.013797, 0.688557, 0.0, 0.0, 0.0, 1.0],
                [0.993695, -0.020103, -0.110299, -5e-06, -0.109985, 0.016109, -0.993803, 0.567783, 0.021755, 0.999668, 0.013797, 0.688557, 0.0, 0.0, 0.0, 1.0],
                [0.993695, -0.020103, -0.110299, -5e-06, -0.109985, 0.016109, -0.993803, 0.570405, 0.021755, 0.999668, 0.013797, 0.688557, 0.0, 0.0, 0.0, 1.0],
                [0.993695, -0.020103, -0.110299, -5e-06, -0.109985, 0.016109, -0.993803, 0.572677, 0.021755, 0.999668, 0.013797, 0.688557, 0.0, 0.0, 0.0, 1.0],
                [0.993695, -0.020103, -0.110299, -5e-06, -0.109985, 0.016109, -0.993803, 0.574626, 0.021755, 0.999668, 0.013797, 0.688557, 0.0, 0.0, 0.0, 1.0],
                [0.993695, -0.020103, -0.110299, -5e-06, -0.109985, 0.016109, -0.993803, 0.576276, 0.021755, 0.999668, 0.013797, 0.688557, 0.0, 0.0, 0.0, 1.0],
                [0.993695, -0.020103, -0.110299, -5e-06, -0.109985, 0.016109, -0.993803, 0.577651, 0.021755, 0.999668, 0.013797, 0.688557, 0.0, 0.0, 0.0, 1.0],
                [0.993695, -0.020103, -0.110299, -5e-06, -0.109985, 0.016109, -0.993803, 0.578777, 0.021755, 0.999668, 0.013797, 0.688557, 0.0, 0.0, 0.0, 1.0],
                [0.993695, -0.020103, -0.110299, -5e-06, -0.109985, 0.016109, -0.993803, 0.579678, 0.021755, 0.999668, 0.013797, 0.688557, 0.0, 0.0, 0.0, 1.0],
                [0.993695, -0.020103, -0.110299, -5e-06, -0.109985, 0.016109, -0.993803, 0.580381, 0.021755, 0.999668, 0.013797, 0.688557, 0.0, 0.0, 0.0, 1.0],
                [0.993695, -0.020103, -0.110299, -5e-06, -0.109985, 0.016109, -0.993803, 0.580908, 0.021755, 0.999668, 0.013797, 0.688557, 0.0, 0.0, 0.0, 1.0],
                [0.993695, -0.020103, -0.110299, -5e-06, -0.109985, 0.016109, -0.993803, 0.581286, 0.021755, 0.999668, 0.013797, 0.688557, 0.0, 0.0, 0.0, 1.0],
                [0.993695, -0.020103, -0.110299, -5e-06, -0.109985, 0.016109, -0.993803, 0.58154, 0.021755, 0.999668, 0.013797, 0.688557, 0.0, 0.0, 0.0, 1.0],
                [0.993695, -0.020103, -0.110299, -5e-06, -0.109985, 0.016109, -0.993803, 0.581694, 0.021755, 0.999668, 0.013797, 0.688557, 0.0, 0.0, 0.0, 1.0],
                [0.993695, -0.020103, -0.110299, -5e-06, -0.109985, 0.016109, -0.993803, 0.581773, 0.021755, 0.999668, 0.013797, 0.688557, 0.0, 0.0, 0.0, 1.0],
                [0.993695, -0.020103, -0.110299, -5e-06, -0.109985, 0.016109, -0.993803, 0.581802, 0.021755, 0.999668, 0.013797, 0.688557, 0.0, 0.0, 0.0, 1.0],
                [0.993695, -0.020103, -0.110299, -5e-06, -0.109985, 0.016109, -0.993803, 0.581806, 0.021755, 0.999668, 0.013797, 0.688557, 0.0, 0.0, 0.0, 1.0]
            ]
        },
        {
            "name": "Thigh_R",
            "time": [0.0, 0.0167, 0.0333, 0.05, 0.0667, 0.0833, 0.1, 0.1167, 0.1333, 0.15, 0.1667, 0.1833, 0.2, 0.2167, 0.2333, 0.25, 0.2667, 0.2833, 0.3, 0.3167, 0.3333, 0.35, 0.3667, 0.3833, 0.4, 0.4167, 0.4333, 0.45, 0.4667, 0.4833, 0.5, 0.5167, 0.5333, 0.55, 0.5667, 0.5833, 0.6, 0.6167, 0.6333, 0.65, 0.6667, 0.6833, 0.7, 0.7167, 0.7333, 0.75, 0.7667, 0.7833, 0.8, 0.8167, 0.8333, 0.85, 0.8667, 0.8833, 0.9, 0.9167, 0.9333, 0.95, 0.9667, 0.9833, 1.0],
            "transform": [
                [0.966277, 0.209641, 0.149536, 0.125015, 0.221369, -0.972922, -0.066468, -0.002831, 0.131552, 0.097329, -0.98652, -1.2e-05, 0.0, 0.0, 0.0, 1.0],
                [0.964514, 0.21131, 0.158309, 0.125015, 0.22377, -0.972451, -0.06532, -0.002831, 0.140145, 0.098427, -0.985227, -1.2e-05, 0.0, 0.0, 0.0, 1.0],
                [0.959302, 0.21558, 0.182387, 0.125015, 0.23013, -0.971149, -0.062524, -0.002831, 0.163646, 0.101952, -0.981236, -1.2e-05, 0.0, 0.0, 0.0, 1.0],
                [0.950433, 0.221296, 0.218417, 0.125015, 0.239216, -0.969172, -0.058995, -0.002831, 0.198629, 0.10832, -0.97407, -1.2e-05, 0.0, 0.0, 0.0, 1.0],
                [0.937705, 0.22718, 0.262867, 0.125015, 0.249825, -0.966686, -0.055733, -0.002831, 0.241448, 0.117932, -0.963221, -1.2e-05, 0.0, 0.0, 0.0, 1.0],
                [0.921389, 0.231785, 0.311956, 0.125015, 0.260776, -0.963885, -0.054053, -0.002831, 0.288161, 0.131155, -0.948558, -1.2e-05, 0.0, 0.0, 0.0, 1.0],
                [0.902548, 0.233644, 0.361688, 0.125015, 0.270933, -0.961009, -0.055283, -0.002831, 0.334669, 0.147888, -0.930659, -1.2e-05, 0.0, 0.0, 0.0, 1.0],
                [0.883115, 0.231177, 0.408247, 0.125015, 0.279197, -0.958274, -0.061317, -0.002831, 0.377037, 0.168132, -0.91081, -1.2e-05, 0.0, 0.0, 0.0, 1.0],
                [0.865742, 0.222838, 0.448146, 0.125015, 0.284443, -0.955816, -0.074222, -0.002831, 0.411805, 0.191729, -0.890875, -1.2e-05, 0.0, 0.0, 0.0, 1.0],
                [0.853459, 0.207155, 0.478221, 0.125015, 0.28534, -0.95359, -0.096159, -0.002831, 0.436107, 0.218523, -0.87296, -1.2e-05, 0.0, 0.0, 0.0, 1.0],
                [0.849294, 0.18273, 0.495287, 0.125015, 0.280069, -0.951232, -0.129302, -0.002831, 0.447506, 0.24853, -0.859053, -1.2e-05, 0.0, 0.0, 0.0, 1.0],
                [0.855566, 0.139793, 0.498462, 0.125015, 0.261355, -0.947776, -0.182792, -0.002831, 0.446878, 0.286666, -0.847422, -1.2e-05, 0.0, 0.0, 0.0, 1.0],
                [0.870487, 0.081228, 0.485442, 0.125015, 0.226184, -0.941994, -0.247969, -0.002831, 0.437142, 0.325653, -0.838366, -1.2e-05, 0.0, 0.0, 0.0, 1.0],
                [0.890232, 0.031391, 0.454424, 0.125015, 0.183466, -0.937834, -0.294632, -0.002831, 0.416926, 0.345662, -0.840649, -1.2e-05, 0.0, 0.0, 0.0, 1.0],
                [0.911469, 0.017743, 0.410986, 0.125015, 0.14897, -0.945496, -0.28956, -0.002831, 0.383448, 0.325149, -0.864433, -1.2e-05, 0.0, 0.0, 0.0, 1.0],
                [0.931726, 0.051974, 0.359424, 0.125015, 0.140146, -0.9645, -0.223826, -0.002831, 0.335032, 0.258916, -0.905934, -1.2e-05, 0.0, 0.0, 0.0, 1.0],
                [0.94633, 0.15192, 0.285272, 0.125015, 0.180276, -0.980693, -0.075765, -0.002831, 0.268254, 0.123127, -0.955447, -1.2e-05, 0.0, 0.0, 0.0, 1.0],
                [0.950078, 0.261265, 0.170567, 0.125015, 0.241261, -0.961797, 0.129379, -0.002831, 0.197853, -0.081769, -0.976815, -1.2e-05, 0.0, 0.0, 0.0, 1.0],
                [0.952411, 0.298905, 0.059742, 0.125015, 0.265004, -0.908803, 0.322258, -0.002831, 0.150618, -0.29109, -0.944765, -1.2e-05, 0.0, 0.0, 0.0, 1.0],
                [0.960797, 0.276994, 0.011999, 0.125015, 0.243196, -0.862768, 0.443268, -0.002831, 0.133135, -0.422973, -0.896309, -1.2e-05, 0.0, 0.0, 0.0, 1.0],
                [0.965092, 0.26184, 0.006149, 0.125015, 0.227777, -0.850668, 0.473795, -0.002831, 0.129289, -0.455855, -0.880614, -1.2e-05, 0.0, 0.0, 0.0, 1.0],
                [0.96383, 0.26644, 0.006392, 0.125015, 0.234347, -0.858671, 0.455812, -0.002831, 0.126935, -0.437828, -0.890053, -1.2e-05, 0.0, 0.0, 0.0, 1.0],
                [0.962615, 0.27077, 0.007501, 0.125015, 0.240442, -0.866893, 0.436674, -0.002831, 0.124741, -0.418546, -0.899588, -1.2e-05, 0.0, 0.0, 0.0, 1.0],
                [0.961448, 0.27483, 0.009329, 0.125015, 0.246097, -0.875078, 0.416743, -0.002831, 0.122697, -0.39838, -0.908977, -1.2e-05, 0.0, 0.0, 0.0, 1.0],
                [0.960331, 0.278615, 0.011757, 0.125015, 0.251343, -0.883053, 0.396288, -0.002831, 0.120794, -0.377612, -0.918051, -1.2e-05, 0.0, 0.0, 0.0, 1.0],
                [0.959266, 0.282124, 0.01468, 0.125015, 0.256209, -0.890691, 0.375535, -0.002831, 0.119023, -0.356477, -0.926692, -1.2e-05, 0.0, 0.0, 0.0, 1.0],
                [0.958253, 0.285355, 0.018004, 0.125015, 0.260719, -0.897903, 0.354678, -0.002831, 0.117375, -0.335177, -0.934815, -1.2e-05, 0.0, 0.0, 0.0, 1.0],
                [0.957293, 0.288309, 0.021647, 0.125015, 0.264898, -0.904628, 0.333881, -0.002831, 0.115844, -0.313888, -0.942366, -1.2e-05, 0.0, 0.0, 0.0, 1.0],
                [0.956385, 0.290991, 0.025538, 0.125015, 0.268767, -0.910836, 0.313278, -0.002831, 0.114422, -0.29275, -0.949318, -1.2e-05, 0.0, 0.0, 0.0, 1.0],
                [0.955529, 0.293407, 0.029612, 0.125015, 0.272346, -0.916508, 0.292986, -0.002831, 0.113103, -0.271892, -0.955658, -1.2e-05, 0.0, 0.0, 0.0, 1.0],
                [0.954724, 0.295567, 0.033804, 0.125015, 0.275653, -0.921639, 0.273124, -0.002831, 0.111882, -0.25144, -0.961385, -1.2e-05, 0.0, 0.0, 0.0, 1.0],
                [0.953969, 0.29748, 0.038063, 0.125015, 0.278707, -0.926237, 0.253786, -0.002831, 0.110752, -0.231496, -0.966511, -1.2e-05, 0.0, 0.0, 0.0, 1.0],
                [0.953263, 0.299161, 0.04234, 0.125015, 0.281521, -0.930321, 0.235051, -0.002831, 0.109708, -0.212146, -0.97106, -1.2e-05, 0.0, 0.0, 0.0, 1.0],
                [0.952605, 0.300622, 0.046593, 0.125015, 0.284111, -0.933915, 0.216988, -0.002831, 0.108745, -0.193467, -0.975062, -1.2e-05, 0.0, 0.0, 0.0, 1.0],
                [0.951993, 0.301875, 0.050813, 0.125015, 0.28649, -0.937068, 0.199567, -0.002831, 0.107859, -0.175429, -0.978566, -1.2e-05, 0.0, 0.0, 0.0, 1.0],
                [0.951425, 0.302946, 0.0549, 0.125015, 0.288672, -0.939768, 0.183044, -0.002831, 0.107046, -0.158304, -0.98157, -1.2e-05, 0.0, 0.0, 0.0, 1.0],
                [0.950901, 0.303845, 0.058867, 0.125015, 0.290667, -0.942078, 0.167334, -0.002831, 0.106301, -0.142007, -0.984141, -1.2e-05, 0.0, 0.0, 0.0, 1.0],
                [0.950419, 0.304588, 0.062695, 0.125015, 0.292487, -0.94404, 0.152448, -0.002831, 0.10562, -0.126552, -0.986321, -1.2e-05, 0.0, 0.0, 0.0, 1.0],
                [0.949976, 0.305193, 0.066353, 0.125015, 0.294143, -0.945682, 0.138441, -0.002831, 0.105, -0.111998, -0.988145, -1.2e-05, 0.0, 0.0, 0.0, 1.0],
                [0.949572, 0.305676, 0.069824, 0.125015, 0.295645, -0.94704, 0.125333, -0.002831, 0.104437, -0.098369, -0.989655, -1.2e-05, 0.0, 0.0, 0.0, 1.0],
                [0.949205, 0.306053, 0.073093, 0.125015, 0.297001, -0.948151, 0.113136, -0.002831, 0.103929, -0.08568, -0.990887, -1.2e-05, 0.0, 0.0, 0.0, 1.0],
                [0.948872, 0.306333, 0.076171, 0.125015, 0.298221, -0.949054, 0.101784, -0.002831, 0.10347, -0.073864, -0.991886, -1.2e-05, 0.0, 0.0, 0.0, 1.0],
                [0.948573, 0.306545, 0.078995, 0.125015, 0.299314, -0.949762, 0.091448, -0.002831, 0.10306, -0.063101, -0.992672, -1.2e-05, 0.0, 0.0, 0.0, 1.0],
                [0.948305, 0.306693, 0.081593, 0.125015, 0.300287, -0.950316, 0.082018, -0.002831, 0.102694, -0.053277, -0.993285, -1.2e-05, 0.0, 0.0, 0.0, 1.0],
                [0.948067, 0.306789, 0.083966, 0.125015, 0.301148, -0.950743, 0.073468, -0.002831, 0.10237, -0.044366, -0.993756, -1.2e-05, 0.0, 0.0, 0.0, 1.0],
                [0.947857, 0.306844, 0.086108, 0.125015, 0.301905, -0.951065, 0.0658, -0.002831, 0.102084, -0.036372, -0.994111, -1.2e-05, 0.0, 0.0, 0.0, 1.0],
                [0.947673, 0.30687, 0.088019, 0.125015, 0.302566, -0.951301, 0.058991, -0.002831, 0.101835, -0.029273, -0.99437, -1.2e-05, 0.0, 0.0, 0.0, 1.0],
                [0.947513, 0.306874, 0.089706, 0.125015, 0.303137, -0.951471, 0.053011, -0.002831, 0.10162, -0.023036, -0.994556, -1.2e-05, 0.0, 0.0, 0.0, 1.0],
                [0.947376, 0.306854, 0.091204, 0.125015, 0.303626, -0.951595, 0.047732, -0.002831, 0.101436, -0.017529, -0.994688, -1.2e-05, 0.0, 0.0, 0.0, 1.0],
                [0.947261, 0.306836, 0.09246, 0.125015, 0.304038, -0.951675, 0.043307, -0.002831, 0.10128, -0.012912, -0.994774, -1.2e-05, 0.0, 0.0, 0.0, 1.0],
                [0.947165, 0.306812, 0.093519, 0.125015, 0.304382, -0.951727, 0.039587, -0.002831, 0.101151, -0.00903, -0.99483, -1.2e-05, 0.0, 0.0, 0.0, 1.0],
                [0.947085, 0.306788, 0.094395, 0.125015, 0.304662, -0.95176, 0.036519, -0.002831, 0.101045, -0.005828, -0.994865, -1.2e-05, 0.0, 0.0, 0.0, 1.0],
                [0.947022, 0.306765, 0.095101, 0.125015, 0.304887, -0.95178, 0.034048, -0.002831, 0.10096, -0.00325, -0.994885, -1.2e-05, 0.0, 0.0, 0.0, 1.0],
                [0.946973, 0.306745, 0.095654, 0.125015, 0.305062, -0.951791, 0.032115, -0.002831, 0.100894, -0.001231, -0.994896, -1.2e-05, 0.0, 0.0, 0.0, 1.0],
                [0.946936, 0.306728, 0.096072, 0.125015, 0.305193, -0.951797, 0.030657, -0.002831, 0.100845, 0.000291, -0.994902, -1.2e-05, 0.0, 0.0, 0.0, 1.0],
                [0.94691, 0.306716, 0.096373, 0.125015, 0.305287, -0.9518, 0.029609, -0.002831, 0.100809, 0.001384, -0.994905, -1.2e-05, 0.0, 0.0, 0.0, 1.0],
                [0.946892, 0.306708, 0.096575, 0.125015, 0.30535, -0.951801, 0.028905, -0.002831, 0.100785, 0.002119, -0.994906, -1.2e-05, 0.0, 0.0, 0.0, 1.0],
                [0.946881, 0.306702, 0.096697, 0.125015, 0.305388, -0.951802, 0.028478, -0.002831, 0.100771, 0.002565, -0.994906, -1.2e-05, 0.0, 0.0, 0.0, 1.0],
                [0.946875, 0.306699, 0.09676, 0.125015, 0.305408, -0.951802, 0.028259, -0.002831, 0.100764, 0.002794, -0.994906, -1.2e-05, 0.0, 0.0, 0.0, 1.0],
                [0.946873, 0.306698, 0.096784, 0.125015, 0.305415, -0.951802, 0.028177, -0.002831, 0.100761, 0.002879, -0.994906, -1.2e-05, 0.0, 0.0, 0.0, 1.0],
                [0.946873, 0.306698, 0.096787, 0.125015, 0.305416, -0.951802, 0.028166, -0.002831, 0.10076, 0.002891, -0.994906, -1.2e-05, 0.0, 0.0, 0.0, 1.0]
            ]
        },
        {
            "name": "Leg_R",
            "time": [0.0, 0.0167, 0.0333, 0.05, 0.0667, 0.0833, 0.1, 0.1167, 0.1333, 0.15, 0.1667, 0.1833, 0.2, 0.2167, 0.2333, 0.25, 0.2667, 0.2833, 0.3, 0.3167, 0.3333, 0.35, 0.3667, 0.3833, 0.4, 0.4167, 0.4333, 0.45, 0.4667, 0.4833, 0.5, 0.5167, 0.5333, 0.55, 0.5667, 0.5833, 0.6, 0.6167, 0.6333, 0.65, 0.6667, 0.6833, 0.7, 0.7167, 0.7333, 0.75, 0.7667, 0.7833, 0.8, 0.8167, 0.8333, 0.85, 0.8667, 0.8833, 0.9, 0.9167, 0.9333, 0.95, 0.9667, 0.9833, 1.0],
            "transform": [
                [0.98, -5.8e-05, -1.5e-05, -0.0, 5.7e-05, 0.887834, 0.460165, 0.374722, -1.3e-05, -0.460165, 0.887833, 0.0, 0.0, 0.0, 0.0, 1.0],
                [0.98, -5.7e-05, -1.4e-05, 0.0, 5.6e-05, 0.888086, 0.459676, 0.374721, -1.3e-05, -0.459676, 0.888087, -0.0, 0.0, 0.0, 0.0, 1.0],
                [0.98, -5.7e-05, -1.4e-05, 0.0, 5.6e-05, 0.888931, 0.45804, 0.374721, -1.3e-05, -0.45804, 0.888932, -0.0, 0.0, 0.0, 0.0, 1.0],
                [0.98, -5.6e-05, -1.4e-05, 0.0, 5.5e-05, 0.890499, 0.454984, 0.374721, -1.3e-05, -0.454984, 0.890499, -0.0, 0.0, 0.0, 0.0, 1.0],
                [0.98, -5.6e-05, -1.4e-05, 0.0, 5.5e-05, 0.892933, 0.450188, 0.374721, -1.3e-05, -0.450188, 0.892933, 0.0, 0.0, 0.0, 0.0, 1.0],
                [0.98, -5.6e-05, -1.4e-05, 0.0, 5.5e-05, 0.89647, 0.443104, 0.374721, -1.2e-05, -0.443104, 0.89647, 0.0, 0.0, 0.0, 0.0, 1.0],
                [0.98, -5.4e-05, -1.3e-05, -0.0, 5.3e-05, 0.901114, 0.433582, 0.374721, -1.2e-05, -0.433582, 0.901114, -0.0, 0.0, 0.0, 0.0, 1.0],
                [0.98, -5.3e-05, -1.2e-05, -0.0, 5.2e-05, 0.907168, 0.420769, 0.374721, -1.1e-05, -0.420769, 0.907168, -0.0, 0.0, 0.0, 0.0, 1.0],
                [0.98, -5.1e-05, -1.1e-05, -0.0, 5e-05, 0.914932, 0.403607, 0.374722, -1e-05, -0.403607, 0.914932, -0.0, 0.0, 0.0, 0.0, 1.0],
                [0.98, -4.8e-05, -1e-05, -0.0, 4.7e-05, 0.924713, 0.380664, 0.374721, -9e-06, -0.380664, 0.924713, 0.0, 0.0, 0.0, 0.0, 1.0],
                [0.98, -4.4e-05, -9e-06, -0.0, 4.3e-05, 0.936777, 0.349927, 0.374721, -7e-06, -0.349927, 0.936777, -0.0, 0.0, 0.0, 0.0, 1.0],
                [0.98, -3.8e-05, -6e-06, -0.0, 3.8e-05, 0.952333, 0.30506, 0.374721, -5e-06, -0.30506, 0.952333, -0.0, 0.0, 0.0, 0.0, 1.0],
                [0.98, -3.1e-05, -4e-06, 0.0, 3e-05, 0.968234, 0.250046, 0.374721, -3e-06, -0.250046, 0.968234, -0.0, 0.0, 0.0, 0.0, 1.0],
                [0.98, -2.7e-05, -3e-06, -0.0, 2.6e-05, 0.977052, 0.213002, 0.374721, -2e-06, -0.213002, 0.977051, -0.0, 0.0, 0.0, 0.0, 1.0],
                [0.98, -3e-05, -4e-06, -0.0, 3e-05, 0.970826, 0.239786, 0.374721, -3e-06, -0.239785, 0.970826, 0.0, 0.0, 0.0, 0.0, 1.0],
                [0.98, -4.1e-05, -8e-06, -0.0, 4.1e-05, 0.943375, 0.331727, 0.374721, -7e-06, -0.331727, 0.943376, -0.0, 0.0, 0.0, 0.0, 1.0],
                [0.98, -5.9e-05, -1.5e-05, 0.0, 5.8e-05, 0.8816, 0.471997, 0.374722, -1.4e-05, -0.471997, 0.8816, 0.0, 0.0, 0.0, 0.0, 1.0],
                [0.98, -7.4e-05, -2.4e-05, -0.0, 7.2e-05, 0.810625, 0.585565, 0.374722, -2.3e-05, -0.585565, 0.810625, 0.0, 0.0, 0.0, 0.0, 1.0],
                [0.98, -7.9e-05, -2.8e-05, 0.0, 7.7e-05, 0.777986, 0.628282, 0.374721, -2.7e-05, -0.628282, 0.777986, 0.0, 0.0, 0.0, 0.0, 1.0],
                [0.98, -7.7e-05, -2.7e-05, -0.0, 7.6e-05, 0.785237, 0.619196, 0.374721, -2.6e-05, -0.619196, 0.785237, 0.0, 0.0, 0.0, 0.0, 1.0],
                [0.98, -7.7e-05, -2.7e-05, 0.0, 7.6e-05, 0.789091, 0.614276, 0.374721, -2.6e-05, -0.614275, 0.789092, 0.0, 0.0, 0.0, 0.0, 1.0],
                [0.98, -7.9e-05, -2.8e-05, 0.0, 7.7e-05, 0.780461, 0.625204, 0.374721, -2.7e-05, -0.625204, 0.780461, 0.0, 0.0, 0.0, 0.0, 1.0],
                [0.98, -8e-05, -2.9e-05, 0.0, 7.8e-05, 0.774787, 0.632223, 0.374721, -2.7e-05, -0.632223, 0.774787, 0.0, 0.0, 0.0, 0.0, 1.0],
