{
    "animation": [
        {
            "name": "Leg_ik_L",
            "time": [0.0, 0.0167, 0.0333, 0.05, 0.0667, 0.0833, 0.1, 0.1167, 0.1333, 0.15, 0.1667, 0.1833, 0.2, 0.2167, 0.2333, 0.25, 0.2667, 0.2833, 0.3, 0.3167, 0.3333, 0.35, 0.3667, 0.3833, 0.4, 0.4167, 0.4333, 0.45, 0.4667, 0.4833, 0.5, 0.5167, 0.5333, 0.55, 0.5667, 0.5833, 0.6, 0.6167, 0.6333, 0.65, 0.6667, 0.6833, 0.7, 0.7167, 0.7333, 0.75, 0.7667, 0.7833, 0.8, 0.8167, 0.8333, 0.85, 0.8667, 0.8833, 0.9, 0.9167, 0.9333, 0.95, 0.9667, 0.9833, 1.0, 1.0167, 1.0333, 1.05, 1.0667, 1.0833, 1.1, 1.1167, 1.1333, 1.15, 1.1667, 1.1833, 1.2, 1.2167, 1.2333, 1.25, 1.2667, 1.2833, 1.3, 1.3167, 1.3333, 1.35, 1.3667, 1.3833, 1.4, 1.4167, 1.4333, 1.45, 1.4667, 1.4833, 1.5, 1.5167, 1.5333, 1.55, 1.5667, 1.5833, 1.6, 1.6167, 1.6333, 1.65, 1.6667, 1.6833, 1.7, 1.7167, 1.7333, 1.75, 1.7667, 1.7833, 1.8, 1.8167, 1.8333, 1.85, 1.8667, 1.8833, 1.9, 1.9167, 1.9333, 1.95, 1.9667, 1.9833, 2.0],
            "transform": [
                [1.0, 0.0, 1e-06, -0.27277, 0.0, 1.0, 0.0, 0.137155, -1e-06, 0.0, 1.0, 0.011421, 0.0, 0.0, 0.0, 1.0],
                [1.0, 0.0, 1e-06, -0.27277, 0.0, 1.0, 0.0, 0.137155, -1e-06, 0.0, 1.0, 0.011421, 0.0, 0.0, 0.0, 1.0],
                [1.0, 0.0, 1e-06, -0.27277, 0.0, 1.0, 0.0, 0.137155, -1e-06, 0.0, 1.0, 0.011421, 0.0, 0.0, 0.0, 1.0],
                [1.0, 0.0, 1e-06, -0.27277, 0.0, 1.0, 0.0, 0.137155, -1e-06, 0.0, 1.0, 0.011421, 0.0, 0.0, 0.0, 1.0],
                [1.0, 0.0, 1e-06, -0.27277, 0.0, 1.0, 0.0, 0.137155, -1e-06, 0.0, 1.0, 0.011421, 0.0, 0.0, 0.0, 1.0],
                [1.0, 0.0, 1e-06, -0.27277, 0.0, 1.0, 0.0, 0.137155, -1e-06, 0.0, 1.0, 0.011421, 0.0, 0.0, 0.0, 1.0],
                [1.0, 0.0, 1e-06, -0.27277, 0.0, 1.0, 0.0, 0.137155, -1e-06, 0.0, 1.0, 0.011421, 0.0, 0.0, 0.0, 1.0],
                [1.0, 0.0, 1e-06, -0.27277, 0.0, 1.0, 0.0, 0.137155, -1e-06, 0.0, 1.0, 0.011421, 0.0, 0.0, 0.0, 1.0],
                [1.0, 0.0, 1e-06, -0.27277, 0.0, 1.0, 0.0, 0.137155, -1e-06, 0.0, 1.0, 0.011421, 0.0, 0.0, 0.0, 1.0],
                [1.0, 0.0, 1e-06, -0.27277, 0.0, 1.0, 0.0, 0.137155, -1e-06, 0.0, 1.0, 0.011421, 0.0, 0.0, 0.0, 1.0],
                [1.0, 0.0, 1e-06, -0.27277, 0.0, 1.0, 0.0, 0.137155, -1e-06, 0.0, 1.0, 0.011421, 0.0, 0.0, 0.0, 1.0],
                [1.0, 0.0, 1e-06, -0.27277, 0.0, 1.0, 0.0, 0.137155, -1e-06, 0.0, 1.0, 0.011421, 0.0, 0.0, 0.0, 1.0],
                [1.0, 0.0, 1e-06, -0.27277, 0.0, 1.0, 0.0, 0.137155, -1e-06, 0.0, 1.0, 0.011421, 0.0, 0.0, 0.0, 1.0],
                [1.0, 0.0, 1e-06, -0.27277, 0.0, 1.0, 0.0, 0.137155, -1e-06, 0.0, 1.0, 0.011421, 0.0, 0.0, 0.0, 1.0],
                [1.0, 0.0, 1e-06, -0.27277, 0.0, 1.0, 0.0, 0.137155, -1e-06, 0.0, 1.0, 0.011421, 0.0, 0.0, 0.0, 1.0],
                [1.0, 0.0, 1e-06, -0.27277, 0.0, 1.0, 0.0, 0.137155, -1e-06, 0.0, 1.0, 0.011421, 0.0, 0.0, 0.0, 1.0],
                [1.0, 0.0, 1e-06, -0.27277, 0.0, 1.0, 0.0, 0.137155, -1e-06, 0.0, 1.0, 0.011421, 0.0, 0.0, 0.0, 1.0],
                [1.0, 0.0, 1e-06, -0.27277, 0.0, 1.0, 0.0, 0.137155, -1e-06, 0.0, 1.0, 0.011421, 0.0, 0.0, 0.0, 1.0],
                [1.0, 0.0, 1e-06, -0.27277, 0.0, 1.0, 0.0, 0.137155, -1e-06, 0.0, 1.0, 0.011421, 0.0, 0.0, 0.0, 1.0],
                [1.0, 0.0, 1e-06, -0.27277, 0.0, 1.0, 0.0, 0.137155, -1e-06, 0.0, 1.0, 0.011421, 0.0, 0.0, 0.0, 1.0],
                [1.0, 0.0, 1e-06, -0.27277, 0.0, 1.0, 0.0, 0.137155, -1e-06, 0.0, 1.0, 0.011421, 0.0, 0.0, 0.0, 1.0],
                [1.0, 0.0, 1e-06, -0.27277, 0.0, 1.0, 0.0, 0.137155, -1e-06, 0.0, 1.0, 0.011421, 0.0, 0.0, 0.0, 1.0],
                [1.0, 0.0, 1e-06, -0.27277, 0.0, 1.0, 0.0, 0.137155, -1e-06, 0.0, 1.0, 0.011421, 0.0, 0.0, 0.0, 1.0],
                [1.0, 0.0, 1e-06, -0.27277, 0.0, 1.0, 0.0, 0.137155, -1e-06, 0.0, 1.0, 0.011421, 0.0, 0.0, 0.0, 1.0],
                [1.0, 0.0, 1e-06, -0.27277, 0.0, 1.0, 0.0, 0.137155, -1e-06, 0.0, 1.0, 0.011421, 0.0, 0.0, 0.0, 1.0],
                [1.0, 0.0, 1e-06, -0.27277, 0.0, 1.0, 0.0, 0.137155, -1e-06, 0.0, 1.0, 0.011421, 0.0, 0.0, 0.0, 1.0],
                [1.0, 0.0, 1e-06, -0.27277, 0.0, 1.0, 0.0, 0.137155, -1e-06, 0.0, 1.0, 0.011421, 0.0, 0.0, 0.0, 1.0],
                [1.0, 0.0, 1e-06, -0.27277, 0.0, 1.0, 0.0, 0.137155, -1e-06, 0.0, 1.0, 0.011421, 0.0, 0.0, 0.0, 1.0],
                [1.0, 0.0, 1e-06, -0.27277, 0.0, 1.0, 0.0, 0.137155, -1e-06, 0.0, 1.0, 0.011421, 0.0, 0.0, 0.0, 1.0],
                [1.0, 0.0, 1e-06, -0.27277, 0.0, 1.0, 0.0, 0.137155, -1e-06, 0.0, 1.0, 0.011421, 0.0, 0.0, 0.0, 1.0],
                [1.0, 0.0, 1e-06, -0.27277, 0.0, 1.0, 0.0, 0.137155, -1e-06, 0.0, 1.0, 0.011421, 0.0, 0.0, 0.0, 1.0],
                [1.0, 0.0, 1e-06, -0.27277, 0.0, 1.0, 0.0, 0.137279, -1e-06, 0.0, 1.0, 0.011421, 0.0, 0.0, 0.0, 1.0],
                [1.0, 0.0, 1e-06, -0.27277, 0.0, 1.0, 0.0, 0.137649, -1e-06, 0.0, 1.0, 0.011421, 0.0, 0.0, 0.0, 1.0],
                [1.0, 0.0, 1e-06, -0.27277, 0.0, 1.0, 0.0, 0.138258, -1e-06, 0.0, 1.0, 0.011421, 0.0, 0.0, 0.0, 1.0],
                [1.0, 0.0, 1e-06, -0.27277, 0.0, 1.0, 0.0, 0.139101, -1e-06, 0.0, 1.0, 0.011421, 0.0, 0.0, 0.0, 1.0],
                [1.0, 0.0, 1e-06, -0.27277, 0.0, 1.0, 0.0, 0.140173, -1e-06, 0.0, 1.0, 0.011421, 0.0, 0.0, 0.0, 1.0],
                [1.0, 0.0, 1e-06, -0.27277, 0.0, 1.0, 0.0, 0.141467, -1e-06, 0.0, 1.0, 0.011421, 0.0, 0.0, 0.0, 1.0],
                [1.0, 0.0, 1e-06, -0.27277, 0.0, 1.0, 0.0, 0.142979, -1e-06, 0.0, 1.0, 0.011421, 0.0, 0.0, 0.0, 1.0],
                [1.0, 0.0, 1e-06, -0.27277, 0.0, 1.0, 0.0, 0.144703, -1e-06, 0.0, 1.0, 0.011421, 0.0, 0.0, 0.0, 1.0],
                [1.0, 0.0, 1e-06, -0.27277, 0.0, 1.0, 0.0, 0.146632, -1e-06, 0.0, 1.0, 0.011421, 0.0, 0.0, 0.0, 1.0],
                [1.0, 0.0, 1e-06, -0.27277, 0.0, 1.0, 0.0, 0.148763, -1e-06, 0.0, 1.0, 0.011421, 0.0, 0.0, 0.0, 1.0],
                [1.0, 0.0, 1e-06, -0.27277, 0.0, 1.0, 0.0, 0.151088, -1e-06, 0.0, 1.0, 0.011421, 0.0, 0.0, 0.0, 1.0],
                [1.0, 0.0, 1e-06, -0.27277, 0.0, 1.0, 0.0, 0.153603, -1e-06, 0.0, 1.0, 0.011421, 0.0, 0.0, 0.0, 1.0],
                [1.0, 0.0, 1e-06, -0.27277, 0.0, 1.0, 0.0, 0.156301, -1e-06, 0.0, 1.0, 0.011421, 0.0, 0.0, 0.0, 1.0],
                [1.0, 0.0, 1e-06, -0.27277, 0.0, 1.0, 0.0, 0.159178, -1e-06, 0.0, 1.0, 0.011421, 0.0, 0.0, 0.0, 1.0],
                [1.0, 0.0, 1e-06, -0.27277, 0.0, 1.0, 0.0, 0.162228, -1e-06, 0.0, 1.0, 0.011421, 0.0, 0.0, 0.0, 1.0],
                [1.0, 0.0, 1e-06, -0.27277, 0.0, 1.0, 0.0, 0.165445, -1e-06, 0.0, 1.0, 0.011421, 0.0, 0.0, 0.0, 1.0],
                [1.0, 0.0, 1e-06, -0.27277, 0.0, 1.0, 0.0, 0.168823, -1e-06, 0.0, 1.0, 0.011421, 0.0, 0.0, 0.0, 1.0],
                [1.0, 0.0, 1e-06, -0.27277, 0.0, 1.0, 0.0, 0.172358, -1e-06, 0.0, 1.0, 0.011421, 0.0, 0.0, 0.0, 1.0],
                [1.0, 0.0, 1e-06, -0.27277, 0.0, 1.0, 0.0, 0.176043, -1e-06, 0.0, 1.0, 0.011421, 0.0, 0.0, 0.0, 1.0],
                [1.0, 0.0, 1e-06, -0.27277, 0.0, 1.0, 0.0, 0.179872, -1e-06, 0.0, 1.0, 0.011421, 0.0, 0.0, 0.0, 1.0],
                [1.0, 0.0, 1e-06, -0.27277, 0.0, 1.0, 0.0, 0.183841, -1e-06, 0.0, 1.0, 0.011421, 0.0, 0.0, 0.0, 1.0],
                [1.0, 0.0, 1e-06, -0.27277, 0.0, 1.0, 0.0, 0.187944, -1e-06, 0.0, 1.0, 0.011421, 0.0, 0.0, 0.0, 1.0],
                [1.0, 0.0, 1e-06, -0.27277, 0.0, 1.0, 0.0, 0.192175, -1e-06, 0.0, 1.0, 0.011421, 0.0, 0.0, 0.0, 1.0],
                [1.0, 0.0, 1e-06, -0.27277, 0.0, 1.0, 0.0, 0.196529, -1e-06, 0.0, 1.0, 0.011421, 0.0, 0.0, 0.0, 1.0],
                [1.0, 0.0, 1e-06, -0.27277, 0.0, 1.0, 0.0, 0.200999, -1e-06, 0.0, 1.0, 0.011421, 0.0, 0.0, 0.0, 1.0],
                [1.0, 0.0, 1e-06, -0.27277, 0.0, 1.0, 0.0, 0.205581, -1e-06, 0.0, 1.0, 0.011421, 0.0, 0.0, 0.0, 1.0],
                [1.0, 0.0, 1e-06, -0.27277, 0.0, 1.0, 0.0, 0.210269, -1e-06, 0.0, 1.0, 0.011421, 0.0, 0.0, 0.0, 1.0],
                [1.0, 0.0, 1e-06, -0.27277, 0.0, 1.0, 0.0, 0.215057, -1e-06, 0.0, 1.0, 0.011421, 0.0, 0.0, 0.0, 1.0],
                [1.0, 0.0, 1e-06, -0.27277, 0.0, 1.0, 0.0, 0.21994, -1e-06, 0.0, 1.0, 0.011421, 0.0, 0.0, 0.0, 1.0],
                [1.0, 0.0, 1e-06, -0.27277, 0.0, 1.0, 0.0, 0.224912, -1e-06, 0.0, 1.0, 0.011421, 0.0, 0.0, 0.0, 1.0],
                [1.0, 0.0, 1e-06, -0.27277, 0.0, 1.0, 0.0, 0.229967, -1e-06, 0.0, 1.0, 0.011421, 0.0, 0.0, 0.0, 1.0],
                [1.0, 0.0, 1e-06, -0.27277, 0.0, 1.0, 0.0, 0.235101, -1e-06, 0.0, 1.0, 0.011421, 0.0, 0.0, 0.0, 1.0],
                [1.0, 0.0, 1e-06, -0.27277, 0.0, 1.0, 0.0, 0.240307, -1e-06, 0.0, 1.0, 0.011421, 0.0, 0.0, 0.0, 1.0],
                [1.0, 0.0, 1e-06, -0.27277, 0.0, 1.0, 0.0, 0.24558, -1e-06, 0.0, 1.0, 0.011421, 0.0, 0.0, 0.0, 1.0],
                [1.0, 0.0, 1e-06, -0.27277, 0.0, 1.0, 0.0, 0.250914, -1e-06, 0.0, 1.0, 0.011421, 0.0, 0.0, 0.0, 1.0],
                [1.0, 0.0, 1e-06, -0.27277, 0.0, 1.0, 0.0, 0.256304, -1e-06, 0.0, 1.0, 0.011421, 0.0, 0.0, 0.0, 1.0],
                [1.0, 0.0, 1e-06, -0.27277, 0.0, 1.0, 0.0, 0.261744, -1e-06, 0.0, 1.0, 0.011421, 0.0, 0.0, 0.0, 1.0],
                [1.0, 0.0, 1e-06, -0.27277, 0.0, 1.0, 0.0, 0.267228, -1e-06, 0.0, 1.0, 0.011421, 0.0, 0.0, 0.0, 1.0],
                [1.0, 0.0, 1e-06, -0.27277, 0.0, 1.0, 0.0, 0.272752, -1e-06, 0.0, 1.0, 0.011421, 0.0, 0.0, 0.0, 1.0],
                [1.0, 0.0, 1e-06, -0.27277, 0.0, 1.0, 0.0, 0.278309, -1e-06, 0.0, 1.0, 0.011421, 0.0, 0.0, 0.0, 1.0],
                [1.0, 0.0, 1e-06, -0.27277, 0.0, 1.0, 0.0, 0.283894, -1e-06, 0.0, 1.0, 0.011421, 0.0, 0.0, 0.0, 1.0],
                [1.0, 0.0, 1e-06, -0.27277, 0.0, 1.0, 0.0, 0.289501, -1e-06, 0.0, 1.0, 0.011421, 0.0, 0.0, 0.0, 1.0],
                [1.0, 0.0, 1e-06, -0.27277, 0.0, 1.0, 0.0, 0.295125, -1e-06, 0.0, 1.0, 0.011421, 0.0, 0.0, 0.0, 1.0],
                [1.0, 0.0, 1e-06, -0.27277, 0.0, 1.0, 0.0, 0.30076, -1e-06, 0.0, 1.0, 0.011421, 0.0, 0.0, 0.0, 1.0],
                [1.0, 0.0, 1e-06, -0.27277, 0.0, 1.0, 0.0, 0.306401, -1e-06, 0.0, 1.0, 0.011421, 0.0, 0.0, 0.0, 1.0],
                [1.0, 0.0, 1e-06, -0.27277, 0.0, 1.0, 0.0, 0.312041, -1e-06, 0.0, 1.0, 0.011421, 0.0, 0.0, 0.0, 1.0],
                [1.0, 0.0, 1e-06, -0.27277, 0.0, 1.0, 0.0, 0.317676, -1e-06, 0.0, 1.0, 0.011421, 0.0, 0.0, 0.0, 1.0],
                [1.0, 0.0, 1e-06, -0.27277, 0.0, 1.0, 0.0, 0.3233, -1e-06, 0.0, 1.0, 0.011421, 0.0, 0.0, 0.0, 1.0],
                [1.0, 0.0, 1e-06, -0.27277, 0.0, 1.0, 0.0, 0.328907, -1e-06, 0.0, 1.0, 0.011421, 0.0, 0.0, 0.0, 1.0],
                [1.0, 0.0, 1e-06, -0.27277, 0.0, 1.0, 0.0, 0.334492, -1e-06, 0.0, 1.0, 0.011421, 0.0, 0.0, 0.0, 1.0],
                [1.0, 0.0, 1e-06, -0.27277, 0.0, 1.0, 0.0, 0.340049, -1e-06, 0.0, 1.0, 0.011421, 0.0, 0.0, 0.0, 1.0],
                [1.0, 0.0, 1e-06, -0.27277, 0.0, 1.0, 0.0, 0.345573, -1e-06, 0.0, 1.0, 0.011421, 0.0, 0.0, 0.0, 1.0],
                [1.0, 0.0, 1e-06, -0.27277, 0.0, 1.0, 0.0, 0.351057, -1e-06, 0.0, 1.0, 0.011421, 0.0, 0.0, 0.0, 1.0],
                [1.0, 0.0, 1e-06, -0.27277, 0.0, 1.0, 0.0, 0.356497, -1e-06, 0.0, 1.0, 0.011421, 0.0, 0.0, 0.0, 1.0],
                [1.0, 0.0, 1e-06, -0.27277, 0.0, 1.0, 0.0, 0.361887, -1e-06, 0.0, 1.0, 0.011421, 0.0, 0.0, 0.0, 1.0],
                [1.0, 0.0, 1e-06, -0.27277, 0.0, 1.0, 0.0, 0.367221, -1e-06, 0.0, 1.0, 0.011421, 0.0, 0.0, 0.0, 1.0],
                [1.0, 0.0, 1e-06, -0.27277, 0.0, 1.0, 0.0, 0.372494, -1e-06, 0.0, 1.0, 0.011421, 0.0, 0.0, 0.0, 1.0],
                [1.0, 0.0, 1e-06, -0.27277, 0.0, 1.0, 0.0, 0.3777, -1e-06, 0.0, 1.0, 0.011421, 0.0, 0.0, 0.0, 1.0],
                [1.0, 0.0, 1e-06, -0.27277, 0.0, 1.0, 0.0, 0.382834, -1e-06, 0.0, 1.0, 0.011421, 0.0, 0.0, 0.0, 1.0],
                [1.0, 0.0, 1e-06, -0.27277, 0.0, 1.0, 0.0, 0.387889, -1e-06, 0.0, 1.0, 0.011421, 0.0, 0.0, 0.0, 1.0],
                [1.0, 0.0, 1e-06, -0.27277, 0.0, 1.0, 0.0, 0.392861, -1e-06, 0.0, 1.0, 0.011421, 0.0, 0.0, 0.0, 1.0],
                [1.0, 0.0, 1e-06, -0.27277, 0.0, 1.0, 0.0, 0.397744, -1e-06, 0.0, 1.0, 0.011421, 0.0, 0.0, 0.0, 1.0],
                [1.0, 0.0, 1e-06, -0.27277, 0.0, 1.0, 0.0, 0.402532, -1e-06, 0.0, 1.0, 0.011421, 0.0, 0.0, 0.0, 1.0],
                [1.0, 0.0, 1e-06, -0.27277, 0.0, 1.0, 0.0, 0.40722, -1e-06, 0.0, 1.0, 0.011421, 0.0, 0.0, 0.0, 1.0],
                [1.0, 0.0, 1e-06, -0.27277, 0.0, 1.0, 0.0, 0.411802, -1e-06, 0.0, 1.0, 0.011421, 0.0, 0.0, 0.0, 1.0],
                [1.0, 0.0, 1e-06, -0.27277, 0.0, 1.0, 0.0, 0.416272, -1e-06, 0.0, 1.0, 0.011421, 0.0, 0.0, 0.0, 1.0],
                [1.0, 0.0, 1e-06, -0.27277, 0.0, 1.0, 0.0, 0.420626, -1e-06, 0.0, 1.0, 0.011421, 0.0, 0.0, 0.0, 1.0],
                [1.0, 0.0, 1e-06, -0.27277, 0.0, 1.0, 0.0, 0.424857, -1e-06, 0.0, 1.0, 0.011421, 0.0, 0.0, 0.0, 1.0],
                [1.0, 0.0, 1e-06, -0.27277, 0.0, 1.0, 0.0, 0.42896, -1e-06, 0.0, 1.0, 0.011421, 0.0, 0.0, 0.0, 1.0],
                [1.0, 0.0, 1e-06, -0.27277, 0.0, 1.0, 0.0, 0.432929, -1e-06, 0.0, 1.0, 0.011421, 0.0, 0.0, 0.0, 1.0],
                [1.0, 0.0, 1e-06, -0.27277, 0.0, 1.0, 0.0, 0.436758, -1e-06, 0.0, 1.0, 0.011421, 0.0, 0.0, 0.0, 1.0],
                [1.0, 0.0, 1e-06, -0.27277, 0.0, 1.0, 0.0, 0.440443, -1e-06, 0.0, 1.0, 0.011421, 0.0, 0.0, 0.0, 1.0],
                [1.0, 0.0, 1e-06, -0.27277, 0.0, 1.0, 0.0, 0.443978, -1e-06, 0.0, 1.0, 0.011421, 0.0, 0.0, 0.0, 1.0],
                [1.0, 0.0, 1e-06, -0.27277, 0.0, 1.0, 0.0, 0.447356, -1e-06, 0.0, 1.0, 0.011421, 0.0, 0.0, 0.0, 1.0],
                [1.0, 0.0, 1e-06, -0.27277, 0.0, 1.0, 0.0, 0.450573, -1e-06, 0.0, 1.0, 0.011421, 0.0, 0.0, 0.0, 1.0],
                [1.0, 0.0, 1e-06, -0.27277, 0.0, 1.0, 0.0, 0.453623, -1e-06, 0.0, 1.0, 0.011421, 0.0, 0.0, 0.0, 1.0],
                [1.0, 0.0, 1e-06, -0.27277, 0.0, 1.0, 0.0, 0.4565, -1e-06, 0.0, 1.0, 0.011421, 0.0, 0.0, 0.0, 1.0],
                [1.0, 0.0, 1e-06, -0.27277, 0.0, 1.0, 0.0, 0.459198, -1e-06, 0.0, 1.0, 0.011421, 0.0, 0.0, 0.0, 1.0],
                [1.0, 0.0, 1e-06, -0.27277, 0.0, 1.0, 0.0, 0.461713, -1e-06, 0.0, 1.0, 0.011421, 0.0, 0.0, 0.0, 1.0],
                [1.0, 0.0, 1e-06, -0.27277, 0.0, 1.0, 0.0, 0.464038, -1e-06, 0.0, 1.0, 0.011421, 0.0, 0.0, 0.0, 1.0],
                [1.0, 0.0, 1e-06, -0.27277, 0.0, 1.0, 0.0, 0.466169, -1e-06, 0.0, 1.0, 0.011421, 0.0, 0.0, 0.0, 1.0],
                [1.0, 0.0, 1e-06, -0.27277, 0.0, 1.0, 0.0, 0.468098, -1e-06, 0.0, 1.0, 0.011421, 0.0, 0.0, 0.0, 1.0],
                [1.0, 0.0, 1e-06, -0.27277, 0.0, 1.0, 0.0, 0.469822, -1e-06, 0.0, 1.0, 0.011421, 0.0, 0.0, 0.0, 1.0],
                [1.0, 0.0, 1e-06, -0.27277, 0.0, 1.0, 0.0, 0.471334, -1e-06, 0.0, 1.0, 0.011421, 0.0, 0.0, 0.0, 1.0],
                [1.0, 0.0, 1e-06, -0.27277, 0.0, 1.0, 0.0, 0.472628, -1e-06, 0.0, 1.0, 0.011421, 0.0, 0.0, 0.0, 1.0],
                [1.0, 0.0, 1e-06, -0.27277, 0.0, 1.0, 0.0, 0.4737, -1e-06, 0.0, 1.0, 0.011421, 0.0, 0.0, 0.0, 1.0],
                [1.0, 0.0, 1e-06, -0.27277, 0.0, 1.0, 0.0, 0.474543, -1e-06, 0.0, 1.0, 0.011421, 0.0, 0.0, 0.0, 1.0],
                [1.0, 0.0, 1e-06, -0.27277, 0.0, 1.0, 0.0, 0.475152, -1e-06, 0.0, 1.0, 0.011421, 0.0, 0.0, 0.0, 1.0],
                [1.0, 0.0, 1e-06, -0.27277, 0.0, 1.0, 0.0, 0.475522, -1e-06, 0.0, 1.0, 0.011421, 0.0, 0.0, 0.0, 1.0],
                [1.0, 0.0, 1e-06, -0.27277, 0.0, 1.0, 0.0, 0.475646, -1e-06, 0.0, 1.0, 0.011421, 0.0, 0.0, 0.0, 1.0]
            ]
        },
        {
            "name": "Leg_ik_R",
            "time": [0.0, 0.0167, 0.0333, 0.05, 0.0667, 0.0833, 0.1, 0.1167, 0.1333, 0.15, 0.1667, 0.1833, 0.2, 0.2167, 0.2333, 0.25, 0.2667, 0.2833, 0.3, 0.3167, 0.3333, 0.35, 0.3667, 0.3833, 0.4, 0.4167, 0.4333, 0.45, 0.4667, 0.4833, 0.5, 0.5167, 0.5333, 0.55, 0.5667, 0.5833, 0.6, 0.6167, 0.6333, 0.65, 0.6667, 0.6833, 0.7, 0.7167, 0.7333, 0.75, 0.7667, 0.7833, 0.8, 0.8167, 0.8333, 0.85, 0.8667, 0.8833, 0.9, 0.9167, 0.9333, 0.95, 0.9667, 0.9833, 1.0, 1.0167, 1.0333, 1.05, 1.0667, 1.0833, 1.1, 1.1167, 1.1333, 1.15, 1.1667, 1.1833, 1.2, 1.2167, 1.2333, 1.25, 1.2667, 1.2833, 1.3, 1.3167, 1.3333, 1.35, 1.3667, 1.3833, 1.4, 1.4167, 1.4333, 1.45, 1.4667, 1.4833, 1.5, 1.5167, 1.5333, 1.55, 1.5667, 1.5833, 1.6, 1.6167, 1.6333, 1.65, 1.6667, 1.6833, 1.7, 1.7167, 1.7333, 1.75, 1.7667, 1.7833, 1.8, 1.8167, 1.8333, 1.85, 1.8667, 1.8833, 1.9, 1.9167, 1.9333, 1.95, 1.9667, 1.9833, 2.0],
            "transform": [
                [1.0, 0.0, -1e-06, 0.322342, 0.0, 1.0, 0.0, -0.13408, 1e-06, 0.0, 1.0, 0.011421, 0.0, 0.0, 0.0, 1.0],
                [1.0, 0.0, -1e-06, 0.321949, 0.0, 1.0, 0.0, -0.138239, 1e-06, 0.0, 1.0, 0.011421, 0.0, 0.0, 0.0, 1.0],
                [1.0, 0.0, -1e-06, 0.32084, 0.0, 1.0, 0.0, -0.149975, 1e-06, 0.0, 1.0, 0.011421, 0.0, 0.0, 0.0, 1.0],
                [1.0, 0.0, -1e-06, 0.319119, 0.0, 1.0, 0.0, -0.168181, 1e-06, 0.0, 1.0, 0.011421, 0.0, 0.0, 0.0, 1.0],
                [1.0, 0.0, -1e-06, 0.316893, 0.0, 1.0, 0.0, -0.19175, 1e-06, 0.0, 1.0, 0.011421, 0.0, 0.0, 0.0, 1.0],
                [1.0, 0.0, -1e-06, 0.314264, 0.0, 1.0, 0.0, -0.219574, 1e-06, 0.0, 1.0, 0.011421, 0.0, 0.0, 0.0, 1.0],
                [1.0, 0.0, -1e-06, 0.311337, 0.0, 1.0, 0.0, -0.250545, 1e-06, 0.0, 1.0, 0.011421, 0.0, 0.0, 0.0, 1.0],
                [1.0, 0.0, -1e-06, 0.308218, 0.0, 1.0, 0.0, -0.283555, 1e-06, 0.0, 1.0, 0.011421, 0.0, 0.0, 0.0, 1.0],
                [1.0, 0.0, -1e-06, 0.305011, 0.0, 1.0, 0.0, -0.317496, 1e-06, 0.0, 1.0, 0.011421, 0.0, 0.0, 0.0, 1.0],
                [1.0, 0.0, -1e-06, 0.301821, 0.0, 1.0, 0.0, -0.351262, 1e-06, 0.0, 1.0, 0.011421, 0.0, 0.0, 0.0, 1.0],
                [1.0, 0.0, -1e-06, 0.298752, 0.0, 1.0, 0.0, -0.383743, 1e-06, 0.0, 1.0, 0.011421, 0.0, 0.0, 0.0, 1.0],
                [1.0, 0.0, -1e-06, 0.295909, 0.0, 1.0, 0.0, -0.413833, 1e-06, 0.0, 1.0, 0.011421, 0.0, 0.0, 0.0, 1.0],
                [1.0, 0.0, -1e-06, 0.293396, 0.0, 1.0, 0.0, -0.440423, 1e-06, 0.0, 1.0, 0.011421, 0.0, 0.0, 0.0, 1.0],
                [1.0, 0.0, -1e-06, 0.291319, 0.0, 1.0, 0.0, -0.462406, 1e-06, 0.0, 1.0, 0.011421, 0.0, 0.0, 0.0, 1.0],
                [1.0, 0.0, -1e-06, 0.289782, 0.0, 1.0, 0.0, -0.478673, 1e-06, 0.0, 1.0, 0.011421, 0.0, 0.0, 0.0, 1.0],
                [1.0, 0.0, -1e-06, 0.28889, 0.0, 1.0, 0.0, -0.488119, 1e-06, 0.0, 1.0, 0.011421, 0.0, 0.0, 0.0, 1.0],
                [1.0, 0.0, -1e-06, 0.288389, 0.0, 1.0, 0.0, -0.493414, 1e-06, 0.0, 1.0, 0.011421, 0.0, 0.0, 0.0, 1.0],
                [1.0, 0.0, -1e-06, 0.287956, 0.0, 1.0, 0.0, -0.498005, 1e-06, 0.0, 1.0, 0.011421, 0.0, 0.0, 0.0, 1.0],
                [1.0, 0.0, -1e-06, 0.287584, 0.0, 1.0, 0.0, -0.50194, 1e-06, 0.0, 1.0, 0.011421, 0.0, 0.0, 0.0, 1.0],
                [1.0, 0.0, -1e-06, 0.287269, 0.0, 1.0, 0.0, -0.505272, 1e-06, 0.0, 1.0, 0.011421, 0.0, 0.0, 0.0, 1.0],
                [1.0, 0.0, -1e-06, 0.287006, 0.0, 1.0, 0.0, -0.50805, 1e-06, 0.0, 1.0, 0.011421, 0.0, 0.0, 0.0, 1.0],
                [1.0, 0.0, -1e-06, 0.286792, 0.0, 1.0, 0.0, -0.510324, 1e-06, 0.0, 1.0, 0.011421, 0.0, 0.0, 0.0, 1.0],
                [1.0, 0.0, -1e-06, 0.286619, 0.0, 1.0, 0.0, -0.512145, 1e-06, 0.0, 1.0, 0.011421, 0.0, 0.0, 0.0, 1.0],
                [1.0, 0.0, -1e-06, 0.286485, 0.0, 1.0, 0.0, -0.513563, 1e-06, 0.0, 1.0, 0.011421, 0.0, 0.0, 0.0, 1.0],
                [1.0, 0.0, -1e-06, 0.286385, 0.0, 1.0, 0.0, -0.514629, 1e-06, 0.0, 1.0, 0.011421, 0.0, 0.0, 0.0, 1.0],
                [1.0, 0.0, -1e-06, 0.286313, 0.0, 1.0, 0.0, -0.515393, 1e-06, 0.0, 1.0, 0.011421, 0.0, 0.0, 0.0, 1.0],
                [1.0, 0.0, -1e-06, 0.286264, 0.0, 1.0, 0.0, -0.515905, 1e-06, 0.0, 1.0, 0.011421, 0.0, 0.0, 0.0, 1.0],
                [1.0, 0.0, -1e-06, 0.286235, 0.0, 1.0, 0.0, -0.516215, 1e-06, 0.0, 1.0, 0.011421, 0.0, 0.0, 0.0, 1.0],
                [1.0, 0.0, -1e-06, 0.28622, 0.0, 1.0, 0.0, -0.516375, 1e-06, 0.0, 1.0, 0.011421, 0.0, 0.0, 0.0, 1.0],
                [1.0, 0.0, -1e-06, 0.286214, 0.0, 1.0, 0.0, -0.516433, 1e-06, 0.0, 1.0, 0.011421, 0.0, 0.0, 0.0, 1.0],
                [1.0, 0.0, -1e-06, 0.286214, 0.0, 1.0, 0.0, -0.516442, 1e-06, 0.0, 1.0, 0.011421, 0.0, 0.0, 0.0, 1.0],
                [1.0, 0.0, -1e-06, 0.288181, 0.0, 1.0, 0.0, -0.487481, 1e-06, 0.0, 1.0, 0.011421, 0.0, 0.0, 0.0, 1.0],
                [1.0, 0.0, -1e-06, 0.29352, 0.0, 1.0, 0.0, -0.408289, 1e-06, 0.0, 1.0, 0.011421, 0.0, 0.0, 0.0, 1.0],
                [1.0, 0.0, -1e-06, 0.301388, 0.0, 1.0, 0.0, -0.2904, 1e-06, 0.0, 1.0, 0.011421, 0.0, 0.0, 0.0, 1.0],
                [1.0, 0.0, -1e-06, 0.310942, 0.0, 1.0, 0.0, -0.145346, 1e-06, 0.0, 1.0, 0.011421, 0.0, 0.0, 0.0, 1.0],
                [1.0, 0.0, -1e-06, 0.321339, 0.0, 1.0, 0.0, 0.015339, 1e-06, 0.0, 1.0, 0.011421, 0.0, 0.0, 0.0, 1.0],
                [1.0, 0.0, -1e-06, 0.331736, 0.0, 1.0, 0.0, 0.18012, 1e-06, 0.0, 1.0, 0.011421, 0.0, 0.0, 0.0, 1.0],
                [1.0, 0.0, -1e-06, 0.341291, 0.0, 1.0, 0.0, 0.337464, 1e-06, 0.0, 1.0, 0.011421, 0.0, 0.0, 0.0, 1.0],
                [1.0, 0.0, -1e-06, 0.349159, 0.0, 1.0, 0.0, 0.475837, 1e-06, 0.0, 1.0, 0.011421, 0.0, 0.0, 0.0, 1.0],
                [1.0, 0.0, -1e-06, 0.354498, 0.0, 1.0, 0.0, 0.583706, 1e-06, 0.0, 1.0, 0.011421, 0.0, 0.0, 0.0, 1.0],
                [1.0, 0.0, -1e-06, 0.356465, 0.0, 1.0, 0.0, 0.649536, 1e-06, 0.0, 1.0, 0.011421, 0.0, 0.0, 0.0, 1.0],
                [1.0, 0.0, -1e-06, 0.356465, 0.0, 1.0, 0.0, 0.688487, 1e-06, 0.0, 1.0, 0.011421, 0.0, 0.0, 0.0, 1.0],
                [1.0, 0.0, -1e-06, 0.356465, 0.0, 1.0, 0.0, 0.723545, 1e-06, 0.0, 1.0, 0.011421, 0.0, 0.0, 0.0, 1.0],
                [1.0, 0.0, -1e-06, 0.356465, 0.0, 1.0, 0.0, 0.754915, 1e-06, 0.0, 1.0, 0.011421, 0.0, 0.0, 0.0, 1.0],
                [1.0, 0.0, -1e-06, 0.356465, 0.0, 1.0, 0.0, 0.782802, 1e-06, 0.0, 1.0, 0.011421, 0.0, 0.0, 0.0, 1.0],
                [1.0, 0.0, -1e-06, 0.356465, 0.0, 1.0, 0.0, 0.807411, 1e-06, 0.0, 1.0, 0.011421, 0.0, 0.0, 0.0, 1.0],
                [1.0, 0.0, -1e-06, 0.356465, 0.0, 1.0, 0.0, 0.828946, 1e-06, 0.0, 1.0, 0.011421, 0.0, 0.0, 0.0, 1.0],
                [1.0, 0.0, -1e-06, 0.356465, 0.0, 1.0, 0.0, 0.847614, 1e-06, 0.0, 1.0, 0.011421, 0.0, 0.0, 0.0, 1.0],
                [1.0, 0.0, -1e-06, 0.356465, 0.0, 1.0, 0.0, 0.863619, 1e-06, 0.0, 1.0, 0.011421, 0.0, 0.0, 0.0, 1.0],
                [1.0, 0.0, -1e-06, 0.356465, 0.0, 1.0, 0.0, 0.877167, 1e-06, 0.0, 1.0, 0.011421, 0.0, 0.0, 0.0, 1.0],
                [1.0, 0.0, -1e-06, 0.356465, 0.0, 1.0, 0.0, 0.888462, 1e-06, 0.0, 1.0, 0.011421, 0.0, 0.0, 0.0, 1.0],
                [1.0, 0.0, -1e-06, 0.356465, 0.0, 1.0, 0.0, 0.897709, 1e-06, 0.0, 1.0, 0.011421, 0.0, 0.0, 0.0, 1.0],
                [1.0, 0.0, -1e-06, 0.356465, 0.0, 1.0, 0.0, 0.905115, 1e-06, 0.0, 1.0, 0.011421, 0.0, 0.0, 0.0, 1.0],
                [1.0, 0.0, -1e-06, 0.356465, 0.0, 1.0, 0.0, 0.910883, 1e-06, 0.0, 1.0, 0.011421, 0.0, 0.0, 0.0, 1.0],
                [1.0, 0.0, -1e-06, 0.356465, 0.0, 1.0, 0.0, 0.915218, 1e-06, 0.0, 1.0, 0.011421, 0.0, 0.0, 0.0, 1.0],
                [1.0, 0.0, -1e-06, 0.356465, 0.0, 1.0, 0.0, 0.918328, 1e-06, 0.0, 1.0, 0.011421, 0.0, 0.0, 0.0, 1.0],
                [1.0, 0.0, -1e-06, 0.356465, 0.0, 1.0, 0.0, 0.920415, 1e-06, 0.0, 1.0, 0.011421, 0.0, 0.0, 0.0, 1.0],
                [1.0, 0.0, -1e-06, 0.356465, 0.0, 1.0, 0.0, 0.921685, 1e-06, 0.0, 1.0, 0.011421, 0.0, 0.0, 0.0, 1.0],
                [1.0, 0.0, -1e-06, 0.356465, 0.0, 1.0, 0.0, 0.922344, 1e-06, 0.0, 1.0, 0.011421, 0.0, 0.0, 0.0, 1.0],
                [1.0, 0.0, -1e-06, 0.356465, 0.0, 1.0, 0.0, 0.922596, 1e-06, 0.0, 1.0, 0.011421, 0.0, 0.0, 0.0, 1.0],
                [1.0, 0.0, -1e-06, 0.356465, 0.0, 1.0, 0.0, 0.922647, 1e-06, 0.0, 1.0, 0.011421, 0.0, 0.0, 0.0, 1.0],
                [1.0, 0.0, -1e-06, 0.356465, 0.0, 1.0, 0.0, 0.922667, 1e-06, 0.0, 1.0, 0.011421, 0.0, 0.0, 0.0, 1.0],
                [1.0, 0.0, -1e-06, 0.356465, 0.0, 1.0, 0.0, 0.922691, 1e-06, 0.0, 1.0, 0.011421, 0.0, 0.0, 0.0, 1.0],
                [1.0, 0.0, -1e-06, 0.356465, 0.0, 1.0, 0.0, 0.922718, 1e-06, 0.0, 1.0, 0.011421, 0.0, 0.0, 0.0, 1.0],
                [1.0, 0.0, -1e-06, 0.356465, 0.0, 1.0, 0.0, 0.922748, 1e-06, 0.0, 1.0, 0.011421, 0.0, 0.0, 0.0, 1.0],
                [1.0, 0.0, -1e-06, 0.356465, 0.0, 1.0, 0.0, 0.922782, 1e-06, 0.0, 1.0, 0.011421, 0.0, 0.0, 0.0, 1.0],
                [1.0, 0.0, -1e-06, 0.356465, 0.0, 1.0, 0.0, 0.922819, 1e-06, 0.0, 1.0, 0.011421, 0.0, 0.0, 0.0, 1.0],
                [1.0, 0.0, -1e-06, 0.356465, 0.0, 1.0, 0.0, 0.922858, 1e-06, 0.0, 1.0, 0.011421, 0.0, 0.0, 0.0, 1.0],
                [1.0, 0.0, -1e-06, 0.356465, 0.0, 1.0, 0.0, 0.922901, 1e-06, 0.0, 1.0, 0.011421, 0.0, 0.0, 0.0, 1.0],
                [1.0, 0.0, -1e-06, 0.356465, 0.0, 1.0, 0.0, 0.922946, 1e-06, 0.0, 1.0, 0.011421, 0.0, 0.0, 0.0, 1.0],
                [1.0, 0.0, -1e-06, 0.356465, 0.0, 1.0, 0.0, 0.922993, 1e-06, 0.0, 1.0, 0.011421, 0.0, 0.0, 0.0, 1.0],
                [1.0, 0.0, -1e-06, 0.356465, 0.0, 1.0, 0.0, 0.923043, 1e-06, 0.0, 1.0, 0.011421, 0.0, 0.0, 0.0, 1.0],
                [1.0, 0.0, -1e-06, 0.356465, 0.0, 1.0, 0.0, 0.923095, 1e-06, 0.0, 1.0, 0.011421, 0.0, 0.0, 0.0, 1.0],
                [1.0, 0.0, -1e-06, 0.356465, 0.0, 1.0, 0.0, 0.923149, 1e-06, 0.0, 1.0, 0.011421, 0.0, 0.0, 0.0, 1.0],
                [1.0, 0.0, -1e-06, 0.356465, 0.0, 1.0, 0.0, 0.923205, 1e-06, 0.0, 1.0, 0.011421, 0.0, 0.0, 0.0, 1.0],
                [1.0, 0.0, -1e-06, 0.356465, 0.0, 1.0, 0.0, 0.923263, 1e-06, 0.0, 1.0, 0.011421, 0.0, 0.0, 0.0, 1.0],
                [1.0, 0.0, -1e-06, 0.356465, 0.0, 1.0, 0.0, 0.923323, 1e-06, 0.0, 1.0, 0.011421, 0.0, 0.0, 0.0, 1.0],
                [1.0, 0.0, -1e-06, 0.356465, 0.0, 1.0, 0.0, 0.923384, 1e-06, 0.0, 1.0, 0.011421, 0.0, 0.0, 0.0, 1.0],
                [1.0, 0.0, -1e-06, 0.356465, 0.0, 1.0, 0.0, 0.923446, 1e-06, 0.0, 1.0, 0.011421, 0.0, 0.0, 0.0, 1.0],
                [1.0, 0.0, -1e-06, 0.356465, 0.0, 1.0, 0.0, 0.92351, 1e-06, 0.0, 1.0, 0.011421, 0.0, 0.0, 0.0, 1.0],
                [1.0, 0.0, -1e-06, 0.356465, 0.0, 1.0, 0.0, 0.923575, 1e-06, 0.0, 1.0, 0.011421, 0.0, 0.0, 0.0, 1.0],
                [1.0, 0.0, -1e-06, 0.356465, 0.0, 1.0, 0.0, 0.923641, 1e-06, 0.0, 1.0, 0.011421, 0.0, 0.0, 0.0, 1.0],
                [1.0, 0.0, -1e-06, 0.356465, 0.0, 1.0, 0.0, 0.923708, 1e-06, 0.0, 1.0, 0.011421, 0.0, 0.0, 0.0, 1.0],
                [1.0, 0.0, -1e-06, 0.356465, 0.0, 1.0, 0.0, 0.923776, 1e-06, 0.0, 1.0, 0.011421, 0.0, 0.0, 0.0, 1.0],
                [1.0, 0.0, -1e-06, 0.356465, 0.0, 1.0, 0.0, 0.923844, 1e-06, 0.0, 1.0, 0.011421, 0.0, 0.0, 0.0, 1.0],
                [1.0, 0.0, -1e-06, 0.356465, 0.0, 1.0, 0.0, 0.923913, 1e-06, 0.0, 1.0, 0.011421, 0.0, 0.0, 0.0, 1.0],
                [1.0, 0.0, -1e-06, 0.356465, 0.0, 1.0, 0.0, 0.923982, 1e-06, 0.0, 1.0, 0.011421, 0.0, 0.0, 0.0, 1.0],
                [1.0, 0.0, -1e-06, 0.356465, 0.0, 1.0, 0.0, 0.924052, 1e-06, 0.0, 1.0, 0.011421, 0.0, 0.0, 0.0, 1.0],
                [1.0, 0.0, -1e-06, 0.356465, 0.0, 1.0, 0.0, 0.924121, 1e-06, 0.0, 1.0, 0.011421, 0.0, 0.0, 0.0, 1.0],
                [1.0, 0.0, -1e-06, 0.356465, 0.0, 1.0, 0.0, 0.924191, 1e-06, 0.0, 1.0, 0.011421, 0.0, 0.0, 0.0, 1.0],
                [1.0, 0.0, -1e-06, 0.356465, 0.0, 1.0, 0.0, 0.92426, 1e-06, 0.0, 1.0, 0.011421, 0.0, 0.0, 0.0, 1.0],
                [1.0, 0.0, -1e-06, 0.356465, 0.0, 1.0, 0.0, 0.924329, 1e-06, 0.0, 1.0, 0.011421, 0.0, 0.0, 0.0, 1.0],
                [1.0, 0.0, -1e-06, 0.356465, 0.0, 1.0, 0.0, 0.924397, 1e-06, 0.0, 1.0, 0.011421, 0.0, 0.0, 0.0, 1.0],
                [1.0, 0.0, -1e-06, 0.356465, 0.0, 1.0, 0.0, 0.924465, 1e-06, 0.0, 1.0, 0.011421, 0.0, 0.0, 0.0, 1.0],
                [1.0, 0.0, -1e-06, 0.356465, 0.0, 1.0, 0.0, 0.924533, 1e-06, 0.0, 1.0, 0.011421, 0.0, 0.0, 0.0, 1.0],
                [1.0, 0.0, -1e-06, 0.356465, 0.0, 1.0, 0.0, 0.924599, 1e-06, 0.0, 1.0, 0.011421, 0.0, 0.0, 0.0, 1.0],
                [1.0, 0.0, -1e-06, 0.356465, 0.0, 1.0, 0.0, 0.924665, 1e-06, 0.0, 1.0, 0.011421, 0.0, 0.0, 0.0, 1.0],
                [1.0, 0.0, -1e-06, 0.356465, 0.0, 1.0, 0.0, 0.924729, 1e-06, 0.0, 1.0, 0.011421, 0.0, 0.0, 0.0, 1.0],
                [1.0, 0.0, -1e-06, 0.356465, 0.0, 1.0, 0.0, 0.924792, 1e-06, 0.0, 1.0, 0.011421, 0.0, 0.0, 0.0, 1.0],
                [1.0, 0.0, -1e-06, 0.356465, 0.0, 1.0, 0.0, 0.924854, 1e-06, 0.0, 1.0, 0.011421, 0.0, 0.0, 0.0, 1.0],
                [1.0, 0.0, -1e-06, 0.356465, 0.0, 1.0, 0.0, 0.924914, 1e-06, 0.0, 1.0, 0.011421, 0.0, 0.0, 0.0, 1.0],
                [1.0, 0.0, -1e-06, 0.356465, 0.0, 1.0, 0.0, 0.924972, 1e-06, 0.0, 1.0, 0.011421, 0.0, 0.0, 0.0, 1.0],
                [1.0, 0.0, -1e-06, 0.356465, 0.0, 1.0, 0.0, 0.925029, 1e-06, 0.0, 1.0, 0.011421, 0.0, 0.0, 0.0, 1.0],
                [1.0, 0.0, -1e-06, 0.356465, 0.0, 1.0, 0.0, 0.925084, 1e-06, 0.0, 1.0, 0.011421, 0.0, 0.0, 0.0, 1.0],
                [1.0, 0.0, -1e-06, 0.356465, 0.0, 1.0, 0.0, 0.925137, 1e-06, 0.0, 1.0, 0.011421, 0.0, 0.0, 0.0, 1.0],
                [1.0, 0.0, -1e-06, 0.356465, 0.0, 1.0, 0.0, 0.925188, 1e-06, 0.0, 1.0, 0.011421, 0.0, 0.0, 0.0, 1.0],
                [1.0, 0.0, -1e-06, 0.356465, 0.0, 1.0, 0.0, 0.925236, 1e-06, 0.0, 1.0, 0.011421, 0.0, 0.0, 0.0, 1.0],
                [1.0, 0.0, -1e-06, 0.356465, 0.0, 1.0, 0.0, 0.925282, 1e-06, 0.0, 1.0, 0.011421, 0.0, 0.0, 0.0, 1.0],
                [1.0, 0.0, -1e-06, 0.356465, 0.0, 1.0, 0.0, 0.925325, 1e-06, 0.0, 1.0, 0.011421, 0.0, 0.0, 0.0, 1.0],
                [1.0, 0.0, -1e-06, 0.356465, 0.0, 1.0, 0.0, 0.925366, 1e-06, 0.0, 1.0, 0.011421, 0.0, 0.0, 0.0, 1.0],
                [1.0, 0.0, -1e-06, 0.356465, 0.0, 1.0, 0.0, 0.925404, 1e-06, 0.0, 1.0, 0.011421, 0.0, 0.0, 0.0, 1.0],
                [1.0, 0.0, -1e-06, 0.356465, 0.0, 1.0, 0.0, 0.925439, 1e-06, 0.0, 1.0, 0.011421, 0.0, 0.0, 0.0, 1.0],
                [1.0, 0.0, -1e-06, 0.356465, 0.0, 1.0, 0.0, 0.925471, 1e-06, 0.0, 1.0, 0.011421, 0.0, 0.0, 0.0, 1.0],
                [1.0, 0.0, -1e-06, 0.356465, 0.0, 1.0, 0.0, 0.925499, 1e-06, 0.0, 1.0, 0.011421, 0.0, 0.0, 0.0, 1.0],
                [1.0, 0.0, -1e-06, 0.356465, 0.0, 1.0, 0.0, 0.925524, 1e-06, 0.0, 1.0, 0.011421, 0.0, 0.0, 0.0, 1.0],
                [1.0, 0.0, -1e-06, 0.356465, 0.0, 1.0, 0.0, 0.925546, 1e-06, 0.0, 1.0, 0.011421, 0.0, 0.0, 0.0, 1.0],
                [1.0, 0.0, -1e-06, 0.356465, 0.0, 1.0, 0.0, 0.925564, 1e-06, 0.0, 1.0, 0.011421, 0.0, 0.0, 0.0, 1.0],
                [1.0, 0.0, -1e-06, 0.356465, 0.0, 1.0, 0.0, 0.925578, 1e-06, 0.0, 1.0, 0.011421, 0.0, 0.0, 0.0, 1.0],
                [1.0, 0.0, -1e-06, 0.356465, 0.0, 1.0, 0.0, 0.925588, 1e-06, 0.0, 1.0, 0.011421, 0.0, 0.0, 0.0, 1.0],
                [1.0, 0.0, -1e-06, 0.356465, 0.0, 1.0, 0.0, 0.925595, 1e-06, 0.0, 1.0, 0.011421, 0.0, 0.0, 0.0, 1.0],
                [1.0, 0.0, -1e-06, 0.356465, 0.0, 1.0, 0.0, 0.925597, 1e-06, 0.0, 1.0, 0.011421, 0.0, 0.0, 0.0, 1.0]
            ]
        },
        {
            "name": "Root",
            "time": [0.0, 0.0167, 0.0333, 0.05, 0.0667, 0.0833, 0.1, 0.1167, 0.1333, 0.15, 0.1667, 0.1833, 0.2, 0.2167, 0.2333, 0.25, 0.2667, 0.2833, 0.3, 0.3167, 0.3333, 0.35, 0.3667, 0.3833, 0.4, 0.4167, 0.4333, 0.45, 0.4667, 0.4833, 0.5, 0.5167, 0.5333, 0.55, 0.5667, 0.5833, 0.6, 0.6167, 0.6333, 0.65, 0.6667, 0.6833, 0.7, 0.7167, 0.7333, 0.75, 0.7667, 0.7833, 0.8, 0.8167, 0.8333, 0.85, 0.8667, 0.8833, 0.9, 0.9167, 0.9333, 0.95, 0.9667, 0.9833, 1.0, 1.0167, 1.0333, 1.05, 1.0667, 1.0833, 1.1, 1.1167, 1.1333, 1.15, 1.1667, 1.1833, 1.2, 1.2167, 1.2333, 1.25, 1.2667, 1.2833, 1.3, 1.3167, 1.3333, 1.35, 1.3667, 1.3833, 1.4, 1.4167, 1.4333, 1.45, 1.4667, 1.4833, 1.5, 1.5167, 1.5333, 1.55, 1.5667, 1.5833, 1.6, 1.6167, 1.6333, 1.65, 1.6667, 1.6833, 1.7, 1.7167, 1.7333, 1.75, 1.7667, 1.7833, 1.8, 1.8167, 1.8333, 1.85, 1.8667, 1.8833, 1.9, 1.9167, 1.9333, 1.95, 1.9667, 1.9833, 2.0],
            "transform": [
                [0.982019, 0.00315, -0.188754, -5e-06, -0.188508, 0.069966, -0.979576, 0.000946, 0.01012, 0.997544, 0.069302, 0.659287, 0.0, 0.0, 0.0, 1.0],
                [0.981239, 0.003541, -0.192764, -9.2e-05, -0.19253, 0.07059, -0.978749, 0.000836, 0.010141, 0.997499, 0.069947, 0.658562, 0.0, 0.0, 0.0, 1.0],
                [0.978892, 0.004684, -0.204325, -0.000345, -0.204123, 0.072382, -0.976266, 0.000516, 0.010216, 0.997366, 0.07181, 0.656472, 0.0, 0.0, 0.0, 1.0],
                [0.974859, 0.006554, -0.222726, -0.000748, -0.22258, 0.075215, -0.972009, 8e-06, 0.010382, 0.997146, 0.074782, 0.653143, 0.0, 0.0, 0.0, 1.0],
                [0.968912, 0.009141, -0.247237, -0.001286, -0.247174, 0.078952, -0.965749, -0.00067, 0.010692, 0.996837, 0.078756, 0.648703, 0.0, 0.0, 0.0, 1.0],
                [0.960762, 0.012445, -0.277096, -0.001942, -0.277149, 0.083446, -0.957197, -0.001499, 0.011211, 0.996435, 0.083621, 0.643279, 0.0, 0.0, 0.0, 1.0],
                [0.950104, 0.016465, -0.311498, -0.002703, -0.311702, 0.088544, -0.946045, -0.002458, 0.012005, 0.995936, 0.089258, 0.636999, 0.0, 0.0, 0.0, 1.0],
                [0.936663, 0.021192, -0.34959, -0.003551, -0.349985, 0.094084, -0.932018, -0.003528, 0.013139, 0.995339, 0.095542, 0.629989, 0.0, 0.0, 0.0, 1.0],
                [0.920231, 0.026604, -0.39047, -0.004472, -0.391101, 0.099901, -0.91491, -0.004691, 0.014669, 0.994642, 0.102337, 0.622377, 0.0, 0.0, 0.0, 1.0],
                [0.900704, 0.032656, -0.433204, -0.005451, -0.434115, 0.105833, -0.894619, -0.005926, 0.016632, 0.993848, 0.109501, 0.614291, 0.0, 0.0, 0.0, 1.0],
                [0.87811, 0.039284, -0.476843, -0.006472, -0.478079, 0.111721, -0.871182, -0.007214, 0.01905, 0.992963, 0.116884, 0.605857, 0.0, 0.0, 0.0, 1.0],
                [0.852629, 0.046396, -0.520453, -0.00752, -0.522057, 0.11742, -0.84479, -0.008536, 0.021917, 0.991998, 0.124337, 0.597202, 0.0, 0.0, 0.0, 1.0],
                [0.8246, 0.053878, -0.563144, -0.008579, -0.565154, 0.122802, -0.815794, -0.009872, 0.025202, 0.990968, 0.131712, 0.588454, 0.0, 0.0, 0.0, 1.0],
                [0.794519, 0.061593, -0.604108, -0.009634, -0.606554, 0.127764, -0.784709, -0.011203, 0.02885, 0.98989, 0.13887, 0.57974, 0.0, 0.0, 0.0, 1.0],
                [0.763019, 0.069391, -0.642641, -0.010669, -0.645545, 0.132226, -0.752189, -0.01251, 0.032779, 0.988788, 0.145686, 0.571187, 0.0, 0.0, 0.0, 1.0],
                [0.73085, 0.077106, -0.678169, -0.011669, -0.681541, 0.136142, -0.719005, -0.013772, 0.036887, 0.987684, 0.15205, 0.562923, 0.0, 0.0, 0.0, 1.0],
                [0.698847, 0.084571, -0.710254, -0.012619, -0.714092, 0.13949, -0.686014, -0.014971, 0.041056, 0.986605, 0.157874, 0.555075, 0.0, 0.0, 0.0, 1.0],
                [0.667894, 0.091617, -0.738596, -0.013503, -0.742885, 0.142276, -0.654125, -0.016086, 0.045156, 0.985578, 0.163086, 0.547769, 0.0, 0.0, 0.0, 1.0],
                [0.638898, 0.09808, -0.763014, -0.014307, -0.767727, 0.144528, -0.624266, -0.0171, 0.049049, 0.984628, 0.167637, 0.541134, 0.0, 0.0, 0.0, 1.0],
                [0.612756, 0.103802, -0.783425, -0.015013, -0.78852, 0.146289, -0.597357, -0.017992, 0.0526, 0.983781, 0.17149, 0.535296, 0.0, 0.0, 0.0, 1.0],
                [0.59034, 0.108637, -0.79981, -0.015608, -0.805233, 0.147612, -0.574292, -0.018742, 0.055672, 0.983061, 0.17462, 0.530383, 0.0, 0.0, 0.0, 1.0],
                [0.572329, 0.112477, -0.812274, -0.016079, -0.817959, 0.148557, -0.555764, -0.019337, 0.058158, 0.982487, 0.177025, 0.526489, 0.0, 0.0, 0.0, 1.0],
                [0.558737, 0.115348, -0.821284, -0.016432, -0.827168, 0.149203, -0.541785, -0.019781, 0.060044, 0.982056, 0.178778, 0.523579, 0.0, 0.0, 0.0, 1.0],
                [0.549362, 0.117317, -0.827308, -0.016673, -0.833329, 0.149617, -0.532144, -0.020086, 0.06135, 0.981759, 0.179958, 0.521584, 0.0, 0.0, 0.0, 1.0],
                [0.54395, 0.118449, -0.830715, -0.016812, -0.836816, 0.149845, -0.526579, -0.020261, 0.062106, 0.981589, 0.180628, 0.520438, 0.0, 0.0, 0.0, 1.0],
                [0.542214, 0.118811, -0.831798, -0.016856, -0.837924, 0.149916, -0.524794, -0.020317, 0.062348, 0.981534, 0.180841, 0.520071, 0.0, 0.0, 0.0, 1.0],
                [0.542214, 0.118811, -0.831798, -0.016856, -0.837924, 0.149916, -0.524794, -0.020317, 0.062348, 0.981534, 0.180841, 0.520071, 0.0, 0.0, 0.0, 1.0],
                [0.542214, 0.118811, -0.831798, -0.016856, -0.837924, 0.149916, -0.524794, -0.020317, 0.062348, 0.981534, 0.180841, 0.520071, 0.0, 0.0, 0.0, 1.0],
                [0.542214, 0.118811, -0.831798, -0.016856, -0.837924, 0.149916, -0.524794, -0.020317, 0.062348, 0.981534, 0.180841, 0.520071, 0.0, 0.0, 0.0, 1.0],
                [0.542214, 0.118811, -0.831798, -0.016856, -0.837924, 0.149916, -0.524794, -0.020317, 0.062348, 0.981534, 0.180841, 0.520071, 0.0, 0.0, 0.0, 1.0],
                [0.542214, 0.118811, -0.831798, -0.016856, -0.837924, 0.149916, -0.524794, -0.020317, 0.062348, 0.981534, 0.180841, 0.520071, 0.0, 0.0, 0.0, 1.0],
                [0.543644, 0.119898, -0.830708, -0.016856, -0.837231, 0.14719, -0.526668, -0.008523, 0.059126, 0.981814, 0.180401, 0.521026, 0.0, 0.0, 0.0, 1.0],
                [0.554167, 0.120477, -0.823641, -0.016856, -0.830959, 0.138379, -0.538849, 0.023581, 0.049055, 0.983024, 0.176796, 0.524607, 0.0, 0.0, 0.0, 1.0],
                [0.583077, 0.116805, -0.803976, -0.016856, -0.811803, 0.122232, -0.570995, 0.07108, 0.031577, 0.985604, 0.166093, 0.531887, 0.0, 0.0, 0.0, 1.0],
                [0.639153, 0.105759, -0.761773, -0.016856, -0.769051, 0.096471, -0.631866, 0.12906, 0.006664, 0.989701, 0.142994, 0.543937, 0.0, 0.0, 0.0, 1.0],
                [0.728512, 0.085556, -0.679669, -0.016856, -0.684623, 0.056643, -0.726693, 0.192606, -0.023675, 0.994722, 0.099839, 0.561831, 0.0, 0.0, 0.0, 1.0],
                [0.854579, 0.057116, -0.516171, -0.016856, -0.516948, -0.001356, -0.856016, 0.257061, -0.049592, 0.998367, 0.028367, 0.58572, 0.0, 0.0, 0.0, 1.0],
                [0.96238, 0.034879, -0.26946, -0.016856, -0.266534, -0.071416, -0.961176, 0.318813, -0.052769, 0.996837, -0.059433, 0.612064, 0.0, 0.0, 0.0, 1.0],
                [0.999479, 0.029492, -0.013094, -0.016856, -0.008941, -0.136791, -0.99056, 0.374506, -0.031005, 0.990161, -0.136456, 0.636404, 0.0, 0.0, 0.0, 1.0],
                [0.984412, 0.034987, 0.172362, -0.016856, 0.175858, -0.18123, -0.96759, 0.420787, -0.002616, 0.982818, -0.184558, 0.654279, 0.0, 0.0, 0.0, 1.0],
                [0.969702, 0.03894, 0.241165, -0.016856, 0.24406, -0.197127, -0.949513, 0.4543, 0.010566, 0.979604, -0.200658, 0.661228, 0.0, 0.0, 0.0, 1.0],
                [0.969702, 0.03894, 0.241165, -0.016856, 0.24406, -0.197127, -0.949513, 0.478582, 0.010566, 0.979604, -0.200658, 0.660368, 0.0, 0.0, 0.0, 1.0],
                [0.969702, 0.03894, 0.241165, -0.016856, 0.24406, -0.197127, -0.949513, 0.49957, 0.010566, 0.979604, -0.200658, 0.657946, 0.0, 0.0, 0.0, 1.0],
                [0.969702, 0.03894, 0.241165, -0.016856, 0.24406, -0.197127, -0.949513, 0.517508, 0.010566, 0.979604, -0.200658, 0.654203, 0.0, 0.0, 0.0, 1.0],
                [0.969702, 0.03894, 0.241165, -0.016856, 0.24406, -0.197127, -0.949513, 0.532643, 0.010566, 0.979604, -0.200658, 0.649379, 0.0, 0.0, 0.0, 1.0],
                [0.969702, 0.03894, 0.241165, -0.016856, 0.24406, -0.197127, -0.949513, 0.54522, 0.010566, 0.979604, -0.200658, 0.643714, 0.0, 0.0, 0.0, 1.0],
                [0.969702, 0.03894, 0.241165, -0.016856, 0.24406, -0.197127, -0.949513, 0.555485, 0.010566, 0.979604, -0.200658, 0.637449, 0.0, 0.0, 0.0, 1.0],
                [0.969702, 0.03894, 0.241165, -0.016856, 0.24406, -0.197127, -0.949513, 0.563684, 0.010566, 0.979604, -0.200658, 0.630824, 0.0, 0.0, 0.0, 1.0],
                [0.969702, 0.03894, 0.241165, -0.016856, 0.24406, -0.197127, -0.949513, 0.570061, 0.010566, 0.979604, -0.200658, 0.624078, 0.0, 0.0, 0.0, 1.0],
                [0.969702, 0.03894, 0.241165, -0.016856, 0.24406, -0.197127, -0.949513, 0.574864, 0.010566, 0.979604, -0.200658, 0.617453, 0.0, 0.0, 0.0, 1.0],
                [0.969702, 0.03894, 0.241165, -0.016856, 0.24406, -0.197127, -0.949513, 0.578337, 0.010566, 0.979604, -0.200658, 0.611188, 0.0, 0.0, 0.0, 1.0],
                [0.969702, 0.03894, 0.241165, -0.016856, 0.24406, -0.197127, -0.949513, 0.580726, 0.010566, 0.979604, -0.200658, 0.605523, 0.0, 0.0, 0.0, 1.0],
