{
    "animation": [
        {
            "name": "Leg_ik_L",
            "time": [0.0, 0.0167, 0.0333, 0.05, 0.0667, 0.0833, 0.1, 0.1167, 0.1333, 0.15, 0.1667, 0.1833, 0.2, 0.2167, 0.2333, 0.25, 0.2667, 0.2833, 0.3, 0.3167, 0.3333, 0.35, 0.3667, 0.3833, 0.4, 0.4167, 0.4333, 0.45, 0.4667, 0.4833, 0.5, 0.5167, 0.5333, 0.55, 0.5667, 0.5833, 0.6, 0.6167, 0.6333, 0.65, 0.6667, 0.6833, 0.7, 0.7167, 0.7333, 0.75, 0.7667, 0.7833, 0.8, 0.8167, 0.8333, 0.85, 0.8667, 0.8833, 0.9, 0.9167, 0.9333, 0.95, 0.9667, 0.9833, 1.0, 1.0167, 1.0333, 1.05, 1.0667, 1.0833, 1.1, 1.1167, 1.1333, 1.15, 1.1667, 1.1833, 1.2, 1.2167, 1.2333, 1.25, 1.2667, 1.2833, 1.3, 1.3167, 1.3333, 1.35, 1.3667, 1.3833, 1.4, 1.4167, 1.4333, 1.45, 1.4667, 1.4833, 1.5],
            "transform": [
                [1.0, 0.0, 1e-06, -0.27277, 0.0, 1.0, 0.0, -0.294724, -1e-06, 0.0, 1.0, 0.011421, 0.0, 0.0, 0.0, 1.0],
                [1.0, 0.0, 1e-06, -0.27277, 0.0, 1.0, 0.0, -0.294724, -1e-06, 0.0, 1.0, 0.011421, 0.0, 0.0, 0.0, 1.0],
                [1.0, 0.0, 1e-06, -0.27277, 0.0, 1.0, 0.0, -0.294724, -1e-06, 0.0, 1.0, 0.011421, 0.0, 0.0, 0.0, 1.0],
                [1.0, 0.0, 1e-06, -0.27277, 0.0, 1.0, 0.0, -0.294724, -1e-06, 0.0, 1.0, 0.011421, 0.0, 0.0, 0.0, 1.0],
                [1.0, 0.0, 1e-06, -0.27277, 0.0, 1.0, 0.0, -0.294724, -1e-06, 0.0, 1.0, 0.011421, 0.0, 0.0, 0.0, 1.0],
                [1.0, 0.0, 1e-06, -0.27277, 0.0, 1.0, 0.0, -0.294724, -1e-06, 0.0, 1.0, 0.011421, 0.0, 0.0, 0.0, 1.0],
                [1.0, 0.0, 1e-06, -0.27277, 0.0, 1.0, 0.0, -0.294724, -1e-06, 0.0, 1.0, 0.011421, 0.0, 0.0, 0.0, 1.0],
                [1.0, 0.0, 1e-06, -0.27277, 0.0, 1.0, 0.0, -0.294724, -1e-06, 0.0, 1.0, 0.011421, 0.0, 0.0, 0.0, 1.0],
                [1.0, 0.0, 1e-06, -0.27277, 0.0, 1.0, 0.0, -0.294724, -1e-06, 0.0, 1.0, 0.011421, 0.0, 0.0, 0.0, 1.0],
                [1.0, 0.0, 1e-06, -0.27277, 0.0, 1.0, 0.0, -0.294724, -1e-06, 0.0, 1.0, 0.011421, 0.0, 0.0, 0.0, 1.0],
                [1.0, 0.0, 1e-06, -0.27277, 0.0, 1.0, 0.0, -0.294724, -1e-06, 0.0, 1.0, 0.011421, 0.0, 0.0, 0.0, 1.0],
                [1.0, 0.0, 1e-06, -0.27277, 0.0, 1.0, 0.0, -0.294724, -1e-06, 0.0, 1.0, 0.011421, 0.0, 0.0, 0.0, 1.0],
                [1.0, 0.0, 1e-06, -0.27277, 0.0, 1.0, 0.0, -0.294724, -1e-06, 0.0, 1.0, 0.011421, 0.0, 0.0, 0.0, 1.0],
                [1.0, 0.0, 1e-06, -0.27277, 0.0, 1.0, 0.0, -0.294724, -1e-06, 0.0, 1.0, 0.011421, 0.0, 0.0, 0.0, 1.0],
                [1.0, 0.0, 1e-06, -0.27277, 0.0, 1.0, 0.0, -0.294724, -1e-06, 0.0, 1.0, 0.011421, 0.0, 0.0, 0.0, 1.0],
                [1.0, 0.0, 1e-06, -0.27277, 0.0, 1.0, 0.0, -0.294724, -1e-06, 0.0, 1.0, 0.011421, 0.0, 0.0, 0.0, 1.0],
                [1.0, 0.0, 1e-06, -0.27277, 0.0, 1.0, 0.0, -0.294724, -1e-06, 0.0, 1.0, 0.011421, 0.0, 0.0, 0.0, 1.0],
                [1.0, 0.0, 1e-06, -0.27277, 0.0, 1.0, 0.0, -0.294724, -1e-06, 0.0, 1.0, 0.011421, 0.0, 0.0, 0.0, 1.0],
                [1.0, 0.0, 1e-06, -0.27277, 0.0, 1.0, 0.0, -0.294724, -1e-06, 0.0, 1.0, 0.011421, 0.0, 0.0, 0.0, 1.0],
                [1.0, 0.0, 1e-06, -0.27277, 0.0, 1.0, 0.0, -0.294724, -1e-06, 0.0, 1.0, 0.011421, 0.0, 0.0, 0.0, 1.0],
                [1.0, 0.0, 1e-06, -0.27277, 0.0, 1.0, 0.0, -0.294724, -1e-06, 0.0, 1.0, 0.011421, 0.0, 0.0, 0.0, 1.0],
                [1.0, 0.0, 1e-06, -0.27277, 0.0, 1.0, 0.0, -0.313952, -1e-06, 0.0, 1.0, 0.028402, 0.0, 0.0, 0.0, 1.0],
                [1.0, 0.0, 1e-06, -0.27277, 0.0, 1.0, 0.0, -0.365841, -1e-06, 0.0, 1.0, 0.068895, 0.0, 0.0, 0.0, 1.0],
                [1.0, 0.0, 1e-06, -0.27277, 0.0, 1.0, 0.0, -0.441692, -1e-06, 0.0, 1.0, 0.117226, 0.0, 0.0, 0.0, 1.0],
                [1.0, 0.0, 1e-06, -0.27277, 0.0, 1.0, 0.0, -0.532808, -1e-06, 0.0, 1.0, 0.157719, 0.0, 0.0, 0.0, 1.0],
                [1.0, 0.0, 1e-06, -0.27277, 0.0, 1.0, 0.0, -0.630494, -1e-06, 0.0, 1.0, 0.1747, 0.0, 0.0, 0.0, 1.0],
                [1.0, 0.0, 1e-06, -0.27277, 0.0, 1.0, 0.0, -0.726478, -1e-06, 0.0, 1.0, 0.157719, 0.0, 0.0, 0.0, 1.0],
                [1.0, 0.0, 1e-06, -0.27277, 0.0, 1.0, 0.0, -0.814191, -1e-06, 0.0, 1.0, 0.117226, 0.0, 0.0, 0.0, 1.0],
                [1.0, 0.0, 1e-06, -0.27277, 0.0, 1.0, 0.0, -0.887488, -1e-06, 0.0, 1.0, 0.068895, 0.0, 0.0, 0.0, 1.0],
                [1.0, 0.0, 1e-06, -0.27277, 0.0, 1.0, 0.0, -0.940228, -1e-06, 0.0, 1.0, 0.028402, 0.0, 0.0, 0.0, 1.0],
                [1.0, 0.0, 1e-06, -0.27277, 0.0, 1.0, 0.0, -0.966265, -1e-06, 0.0, 1.0, 0.011421, 0.0, 0.0, 0.0, 1.0],
                [1.0, 0.0, 1e-06, -0.27277, 0.0, 1.0, 0.0, -0.976727, -1e-06, 0.0, 1.0, 0.011421, 0.0, 0.0, 0.0, 1.0],
                [1.0, 0.0, 1e-06, -0.27277, 0.0, 1.0, 0.0, -0.98684, -1e-06, 0.0, 1.0, 0.011421, 0.0, 0.0, 0.0, 1.0],
                [1.0, 0.0, 1e-06, -0.27277, 0.0, 1.0, 0.0, -0.996611, -1e-06, 0.0, 1.0, 0.011421, 0.0, 0.0, 0.0, 1.0],
                [1.0, 0.0, 1e-06, -0.27277, 0.0, 1.0, 0.0, -1.006045, -1e-06, 0.0, 1.0, 0.011421, 0.0, 0.0, 0.0, 1.0],
                [1.0, 0.0, 1e-06, -0.27277, 0.0, 1.0, 0.0, -1.015147, -1e-06, 0.0, 1.0, 0.011421, 0.0, 0.0, 0.0, 1.0],
                [1.0, 0.0, 1e-06, -0.27277, 0.0, 1.0, 0.0, -1.023925, -1e-06, 0.0, 1.0, 0.011421, 0.0, 0.0, 0.0, 1.0],
                [1.0, 0.0, 1e-06, -0.27277, 0.0, 1.0, 0.0, -1.032384, -1e-06, 0.0, 1.0, 0.011421, 0.0, 0.0, 0.0, 1.0],
                [1.0, 0.0, 1e-06, -0.27277, 0.0, 1.0, 0.0, -1.040529, -1e-06, 0.0, 1.0, 0.011421, 0.0, 0.0, 0.0, 1.0],
                [1.0, 0.0, 1e-06, -0.27277, 0.0, 1.0, 0.0, -1.048367, -1e-06, 0.0, 1.0, 0.011421, 0.0, 0.0, 0.0, 1.0],
                [1.0, 0.0, 1e-06, -0.27277, 0.0, 1.0, 0.0, -1.055903, -1e-06, 0.0, 1.0, 0.011421, 0.0, 0.0, 0.0, 1.0],
                [1.0, 0.0, 1e-06, -0.27277, 0.0, 1.0, 0.0, -1.063144, -1e-06, 0.0, 1.0, 0.011421, 0.0, 0.0, 0.0, 1.0],
                [1.0, 0.0, 1e-06, -0.27277, 0.0, 1.0, 0.0, -1.070096, -1e-06, 0.0, 1.0, 0.011421, 0.0, 0.0, 0.0, 1.0],
                [1.0, 0.0, 1e-06, -0.27277, 0.0, 1.0, 0.0, -1.076763, -1e-06, 0.0, 1.0, 0.011421, 0.0, 0.0, 0.0, 1.0],
                [1.0, 0.0, 1e-06, -0.27277, 0.0, 1.0, 0.0, -1.083153, -1e-06, 0.0, 1.0, 0.011421, 0.0, 0.0, 0.0, 1.0],
                [1.0, 0.0, 1e-06, -0.27277, 0.0, 1.0, 0.0, -1.089271, -1e-06, 0.0, 1.0, 0.011421, 0.0, 0.0, 0.0, 1.0],
                [1.0, 0.0, 1e-06, -0.27277, 0.0, 1.0, 0.0, -1.095124, -1e-06, 0.0, 1.0, 0.011421, 0.0, 0.0, 0.0, 1.0],
                [1.0, 0.0, 1e-06, -0.27277, 0.0, 1.0, 0.0, -1.100716, -1e-06, 0.0, 1.0, 0.011421, 0.0, 0.0, 0.0, 1.0],
                [1.0, 0.0, 1e-06, -0.27277, 0.0, 1.0, 0.0, -1.106053, -1e-06, 0.0, 1.0, 0.011421, 0.0, 0.0, 0.0, 1.0],
                [1.0, 0.0, 1e-06, -0.27277, 0.0, 1.0, 0.0, -1.111143, -1e-06, 0.0, 1.0, 0.011421, 0.0, 0.0, 0.0, 1.0],
                [1.0, 0.0, 1e-06, -0.27277, 0.0, 1.0, 0.0, -1.115991, -1e-06, 0.0, 1.0, 0.011421, 0.0, 0.0, 0.0, 1.0],
                [1.0, 0.0, 1e-06, -0.27277, 0.0, 1.0, 0.0, -1.120601, -1e-06, 0.0, 1.0, 0.011421, 0.0, 0.0, 0.0, 1.0],
                [1.0, 0.0, 1e-06, -0.27277, 0.0, 1.0, 0.0, -1.124982, -1e-06, 0.0, 1.0, 0.011421, 0.0, 0.0, 0.0, 1.0],
                [1.0, 0.0, 1e-06, -0.27277, 0.0, 1.0, 0.0, -1.129138, -1e-06, 0.0, 1.0, 0.011421, 0.0, 0.0, 0.0, 1.0],
                [1.0, 0.0, 1e-06, -0.27277, 0.0, 1.0, 0.0, -1.133075, -1e-06, 0.0, 1.0, 0.011421, 0.0, 0.0, 0.0, 1.0],
                [1.0, 0.0, 1e-06, -0.27277, 0.0, 1.0, 0.0, -1.136799, -1e-06, 0.0, 1.0, 0.011421, 0.0, 0.0, 0.0, 1.0],
                [1.0, 0.0, 1e-06, -0.27277, 0.0, 1.0, 0.0, -1.140317, -1e-06, 0.0, 1.0, 0.011421, 0.0, 0.0, 0.0, 1.0],
                [1.0, 0.0, 1e-06, -0.27277, 0.0, 1.0, 0.0, -1.143634, -1e-06, 0.0, 1.0, 0.011421, 0.0, 0.0, 0.0, 1.0],
                [1.0, 0.0, 1e-06, -0.27277, 0.0, 1.0, 0.0, -1.146755, -1e-06, 0.0, 1.0, 0.011421, 0.0, 0.0, 0.0, 1.0],
                [1.0, 0.0, 1e-06, -0.27277, 0.0, 1.0, 0.0, -1.149688, -1e-06, 0.0, 1.0, 0.011421, 0.0, 0.0, 0.0, 1.0],
                [1.0, 0.0, 1e-06, -0.27277, 0.0, 1.0, 0.0, -1.152437, -1e-06, 0.0, 1.0, 0.011421, 0.0, 0.0, 0.0, 1.0],
                [1.0, 0.0, 1e-06, -0.27277, 0.0, 1.0, 0.0, -1.155009, -1e-06, 0.0, 1.0, 0.011421, 0.0, 0.0, 0.0, 1.0],
                [1.0, 0.0, 1e-06, -0.27277, 0.0, 1.0, 0.0, -1.157409, -1e-06, 0.0, 1.0, 0.011421, 0.0, 0.0, 0.0, 1.0],
                [1.0, 0.0, 1e-06, -0.27277, 0.0, 1.0, 0.0, -1.159644, -1e-06, 0.0, 1.0, 0.011421, 0.0, 0.0, 0.0, 1.0],
                [1.0, 0.0, 1e-06, -0.27277, 0.0, 1.0, 0.0, -1.16172, -1e-06, 0.0, 1.0, 0.011421, 0.0, 0.0, 0.0, 1.0],
                [1.0, 0.0, 1e-06, -0.27277, 0.0, 1.0, 0.0, -1.163642, -1e-06, 0.0, 1.0, 0.011421, 0.0, 0.0, 0.0, 1.0],
                [1.0, 0.0, 1e-06, -0.27277, 0.0, 1.0, 0.0, -1.165416, -1e-06, 0.0, 1.0, 0.011421, 0.0, 0.0, 0.0, 1.0],
                [1.0, 0.0, 1e-06, -0.27277, 0.0, 1.0, 0.0, -1.167048, -1e-06, 0.0, 1.0, 0.011421, 0.0, 0.0, 0.0, 1.0],
                [1.0, 0.0, 1e-06, -0.27277, 0.0, 1.0, 0.0, -1.168544, -1e-06, 0.0, 1.0, 0.011421, 0.0, 0.0, 0.0, 1.0],
                [1.0, 0.0, 1e-06, -0.27277, 0.0, 1.0, 0.0, -1.16991, -1e-06, 0.0, 1.0, 0.011421, 0.0, 0.0, 0.0, 1.0],
                [1.0, 0.0, 1e-06, -0.27277, 0.0, 1.0, 0.0, -1.171153, -1e-06, 0.0, 1.0, 0.011421, 0.0, 0.0, 0.0, 1.0],
                [1.0, 0.0, 1e-06, -0.27277, 0.0, 1.0, 0.0, -1.172276, -1e-06, 0.0, 1.0, 0.011421, 0.0, 0.0, 0.0, 1.0],
                [1.0, 0.0, 1e-06, -0.27277, 0.0, 1.0, 0.0, -1.173288, -1e-06, 0.0, 1.0, 0.011421, 0.0, 0.0, 0.0, 1.0],
                [1.0, 0.0, 1e-06, -0.27277, 0.0, 1.0, 0.0, -1.174193, -1e-06, 0.0, 1.0, 0.011421, 0.0, 0.0, 0.0, 1.0],
                [1.0, 0.0, 1e-06, -0.27277, 0.0, 1.0, 0.0, -1.174998, -1e-06, 0.0, 1.0, 0.011421, 0.0, 0.0, 0.0, 1.0],
                [1.0, 0.0, 1e-06, -0.27277, 0.0, 1.0, 0.0, -1.175708, -1e-06, 0.0, 1.0, 0.011421, 0.0, 0.0, 0.0, 1.0],
                [1.0, 0.0, 1e-06, -0.27277, 0.0, 1.0, 0.0, -1.17633, -1e-06, 0.0, 1.0, 0.011421, 0.0, 0.0, 0.0, 1.0],
                [1.0, 0.0, 1e-06, -0.27277, 0.0, 1.0, 0.0, -1.176869, -1e-06, 0.0, 1.0, 0.011421, 0.0, 0.0, 0.0, 1.0],
                [1.0, 0.0, 1e-06, -0.27277, 0.0, 1.0, 0.0, -1.177331, -1e-06, 0.0, 1.0, 0.011421, 0.0, 0.0, 0.0, 1.0],
                [1.0, 0.0, 1e-06, -0.27277, 0.0, 1.0, 0.0, -1.177722, -1e-06, 0.0, 1.0, 0.011421, 0.0, 0.0, 0.0, 1.0],
                [1.0, 0.0, 1e-06, -0.27277, 0.0, 1.0, 0.0, -1.178048, -1e-06, 0.0, 1.0, 0.011421, 0.0, 0.0, 0.0, 1.0],
                [1.0, 0.0, 1e-06, -0.27277, 0.0, 1.0, 0.0, -1.178315, -1e-06, 0.0, 1.0, 0.011421, 0.0, 0.0, 0.0, 1.0],
                [1.0, 0.0, 1e-06, -0.27277, 0.0, 1.0, 0.0, -1.178528, -1e-06, 0.0, 1.0, 0.011421, 0.0, 0.0, 0.0, 1.0],
                [1.0, 0.0, 1e-06, -0.27277, 0.0, 1.0, 0.0, -1.178695, -1e-06, 0.0, 1.0, 0.011421, 0.0, 0.0, 0.0, 1.0],
                [1.0, 0.0, 1e-06, -0.27277, 0.0, 1.0, 0.0, -1.17882, -1e-06, 0.0, 1.0, 0.011421, 0.0, 0.0, 0.0, 1.0],
                [1.0, 0.0, 1e-06, -0.27277, 0.0, 1.0, 0.0, -1.17891, -1e-06, 0.0, 1.0, 0.011421, 0.0, 0.0, 0.0, 1.0],
                [1.0, 0.0, 1e-06, -0.27277, 0.0, 1.0, 0.0, -1.17897, -1e-06, 0.0, 1.0, 0.011421, 0.0, 0.0, 0.0, 1.0],
                [1.0, 0.0, 1e-06, -0.27277, 0.0, 1.0, 0.0, -1.179006, -1e-06, 0.0, 1.0, 0.011421, 0.0, 0.0, 0.0, 1.0],
                [1.0, 0.0, 1e-06, -0.27277, 0.0, 1.0, 0.0, -1.179025, -1e-06, 0.0, 1.0, 0.011421, 0.0, 0.0, 0.0, 1.0],
                [1.0, 0.0, 1e-06, -0.27277, 0.0, 1.0, 0.0, -1.179032, -1e-06, 0.0, 1.0, 0.011421, 0.0, 0.0, 0.0, 1.0],
                [1.0, 0.0, 1e-06, -0.27277, 0.0, 1.0, 0.0, -1.179033, -1e-06, 0.0, 1.0, 0.011421, 0.0, 0.0, 0.0, 1.0]
            ]
        },
        {
            "name": "Leg_ik_R",
            "time": [0.0, 0.0167, 0.0333, 0.05, 0.0667, 0.0833, 0.1, 0.1167, 0.1333, 0.15, 0.1667, 0.1833, 0.2, 0.2167, 0.2333, 0.25, 0.2667, 0.2833, 0.3, 0.3167, 0.3333, 0.35, 0.3667, 0.3833, 0.4, 0.4167, 0.4333, 0.45, 0.4667, 0.4833, 0.5, 0.5167, 0.5333, 0.55, 0.5667, 0.5833, 0.6, 0.6167, 0.6333, 0.65, 0.6667, 0.6833, 0.7, 0.7167, 0.7333, 0.75, 0.7667, 0.7833, 0.8, 0.8167, 0.8333, 0.85, 0.8667, 0.8833, 0.9, 0.9167, 0.9333, 0.95, 0.9667, 0.9833, 1.0, 1.0167, 1.0333, 1.05, 1.0667, 1.0833, 1.1, 1.1167, 1.1333, 1.15, 1.1667, 1.1833, 1.2, 1.2167, 1.2333, 1.25, 1.2667, 1.2833, 1.3, 1.3167, 1.3333, 1.35, 1.3667, 1.3833, 1.4, 1.4167, 1.4333, 1.45, 1.4667, 1.4833, 1.5],
            "transform": [
                [1.0, 0.0, -1e-06, 0.322342, 0.0, 1.0, 0.0, 0.206865, 1e-06, 0.0, 1.0, 0.011421, 0.0, 0.0, 0.0, 1.0],
                [1.0, 0.0, -1e-06, 0.322342, 0.0, 1.0, 0.0, 0.201853, 1e-06, 0.0, 1.0, 0.011421, 0.0, 0.0, 0.0, 1.0],
                [1.0, 0.0, -1e-06, 0.322342, 0.0, 1.0, 0.0, 0.187262, 1e-06, 0.0, 1.0, 0.011421, 0.0, 0.0, 0.0, 1.0],
                [1.0, 0.0, -1e-06, 0.322342, 0.0, 1.0, 0.0, 0.16376, 1e-06, 0.0, 1.0, 0.011421, 0.0, 0.0, 0.0, 1.0],
                [1.0, 0.0, -1e-06, 0.322342, 0.0, 1.0, 0.0, 0.132015, 1e-06, 0.0, 1.0, 0.011421, 0.0, 0.0, 0.0, 1.0],
                [1.0, 0.0, -1e-06, 0.322342, 0.0, 1.0, 0.0, 0.092693, 1e-06, 0.0, 1.0, 0.011421, 0.0, 0.0, 0.0, 1.0],
                [1.0, 0.0, -1e-06, 0.322342, 0.0, 1.0, 0.0, 0.046462, 1e-06, 0.0, 1.0, 0.011421, 0.0, 0.0, 0.0, 1.0],
                [1.0, 0.0, -1e-06, 0.322342, 0.0, 1.0, 0.0, -0.00601, 1e-06, 0.0, 1.0, 0.011421, 0.0, 0.0, 0.0, 1.0],
                [1.0, 0.0, -1e-06, 0.322342, 0.0, 1.0, 0.0, -0.064055, 1e-06, 0.0, 1.0, 0.011421, 0.0, 0.0, 0.0, 1.0],
                [1.0, 0.0, -1e-06, 0.322342, 0.0, 1.0, 0.0, -0.127007, 1e-06, 0.0, 1.0, 0.011421, 0.0, 0.0, 0.0, 1.0],
                [1.0, 0.0, -1e-06, 0.322342, 0.0, 1.0, 0.0, -0.194198, 1e-06, 0.0, 1.0, 0.011421, 0.0, 0.0, 0.0, 1.0],
                [1.0, 0.0, -1e-06, 0.322342, 0.0, 1.0, 0.0, -0.264722, 1e-06, 0.0, 1.0, 0.011421, 0.0, 0.0, 0.0, 1.0],
                [1.0, 0.0, -1e-06, 0.322342, 0.0, 1.0, 0.0, -0.336721, 1e-06, 0.0, 1.0, 0.011421, 0.0, 0.0, 0.0, 1.0],
                [1.0, 0.0, -1e-06, 0.322342, 0.0, 1.0, 0.0, -0.4081, 1e-06, 0.0, 1.0, 0.011421, 0.0, 0.0, 0.0, 1.0],
                [1.0, 0.0, -1e-06, 0.322342, 0.0, 1.0, 0.0, -0.476761, 1e-06, 0.0, 1.0, 0.011421, 0.0, 0.0, 0.0, 1.0],
                [1.0, 0.0, -1e-06, 0.322342, 0.0, 1.0, 0.0, -0.54061, 1e-06, 0.0, 1.0, 0.011421, 0.0, 0.0, 0.0, 1.0],
                [1.0, 0.0, -1e-06, 0.322342, 0.0, 1.0, 0.0, -0.597551, 1e-06, 0.0, 1.0, 0.011421, 0.0, 0.0, 0.0, 1.0],
                [1.0, 0.0, -1e-06, 0.322342, 0.0, 1.0, 0.0, -0.645486, 1e-06, 0.0, 1.0, 0.011421, 0.0, 0.0, 0.0, 1.0],
                [1.0, 0.0, -1e-06, 0.322342, 0.0, 1.0, 0.0, -0.682321, 1e-06, 0.0, 1.0, 0.011421, 0.0, 0.0, 0.0, 1.0],
                [1.0, 0.0, -1e-06, 0.322342, 0.0, 1.0, 0.0, -0.705959, 1e-06, 0.0, 1.0, 0.011421, 0.0, 0.0, 0.0, 1.0],
                [1.0, 0.0, -1e-06, 0.322342, 0.0, 1.0, 0.0, -0.714304, 1e-06, 0.0, 1.0, 0.011421, 0.0, 0.0, 0.0, 1.0],
                [1.0, 0.0, -1e-06, 0.322342, 0.0, 1.0, 0.0, -0.714304, 1e-06, 0.0, 1.0, 0.011421, 0.0, 0.0, 0.0, 1.0],
                [1.0, 0.0, -1e-06, 0.322342, 0.0, 1.0, 0.0, -0.714304, 1e-06, 0.0, 1.0, 0.011421, 0.0, 0.0, 0.0, 1.0],
                [1.0, 0.0, -1e-06, 0.322342, 0.0, 1.0, 0.0, -0.714304, 1e-06, 0.0, 1.0, 0.011421, 0.0, 0.0, 0.0, 1.0],
                [1.0, 0.0, -1e-06, 0.322342, 0.0, 1.0, 0.0, -0.714304, 1e-06, 0.0, 1.0, 0.011421, 0.0, 0.0, 0.0, 1.0],
                [1.0, 0.0, -1e-06, 0.322342, 0.0, 1.0, 0.0, -0.714304, 1e-06, 0.0, 1.0, 0.011421, 0.0, 0.0, 0.0, 1.0],
                [1.0, 0.0, -1e-06, 0.322342, 0.0, 1.0, 0.0, -0.714304, 1e-06, 0.0, 1.0, 0.011421, 0.0, 0.0, 0.0, 1.0],
                [1.0, 0.0, -1e-06, 0.322342, 0.0, 1.0, 0.0, -0.714304, 1e-06, 0.0, 1.0, 0.011421, 0.0, 0.0, 0.0, 1.0],
                [1.0, 0.0, -1e-06, 0.322342, 0.0, 1.0, 0.0, -0.714304, 1e-06, 0.0, 1.0, 0.011421, 0.0, 0.0, 0.0, 1.0],
                [1.0, 0.0, -1e-06, 0.322342, 0.0, 1.0, 0.0, -0.714304, 1e-06, 0.0, 1.0, 0.011421, 0.0, 0.0, 0.0, 1.0],
                [1.0, 0.0, -1e-06, 0.322342, 0.0, 1.0, 0.0, -0.714304, 1e-06, 0.0, 1.0, 0.011421, 0.0, 0.0, 0.0, 1.0],
                [1.0, 0.0, -1e-06, 0.322342, 0.0, 1.0, 0.0, -0.714304, 1e-06, 0.0, 1.0, 0.011421, 0.0, 0.0, 0.0, 1.0],
                [1.0, 0.0, -1e-06, 0.322342, 0.0, 1.0, 0.0, -0.714304, 1e-06, 0.0, 1.0, 0.011421, 0.0, 0.0, 0.0, 1.0],
                [1.0, 0.0, -1e-06, 0.322342, 0.0, 1.0, 0.0, -0.714304, 1e-06, 0.0, 1.0, 0.011421, 0.0, 0.0, 0.0, 1.0],
                [1.0, 0.0, -1e-06, 0.322342, 0.0, 1.0, 0.0, -0.714304, 1e-06, 0.0, 1.0, 0.011421, 0.0, 0.0, 0.0, 1.0],
                [1.0, 0.0, -1e-06, 0.322342, 0.0, 1.0, 0.0, -0.714304, 1e-06, 0.0, 1.0, 0.011421, 0.0, 0.0, 0.0, 1.0],
                [1.0, 0.0, -1e-06, 0.322342, 0.0, 1.0, 0.0, -0.714304, 1e-06, 0.0, 1.0, 0.011421, 0.0, 0.0, 0.0, 1.0],
                [1.0, 0.0, -1e-06, 0.322342, 0.0, 1.0, 0.0, -0.714304, 1e-06, 0.0, 1.0, 0.011421, 0.0, 0.0, 0.0, 1.0],
                [1.0, 0.0, -1e-06, 0.322342, 0.0, 1.0, 0.0, -0.714304, 1e-06, 0.0, 1.0, 0.011421, 0.0, 0.0, 0.0, 1.0],
                [1.0, 0.0, -1e-06, 0.322342, 0.0, 1.0, 0.0, -0.714304, 1e-06, 0.0, 1.0, 0.011421, 0.0, 0.0, 0.0, 1.0],
                [1.0, 0.0, -1e-06, 0.322342, 0.0, 1.0, 0.0, -0.714304, 1e-06, 0.0, 1.0, 0.011421, 0.0, 0.0, 0.0, 1.0],
                [1.0, 0.0, -1e-06, 0.322342, 0.0, 1.0, 0.0, -0.714304, 1e-06, 0.0, 1.0, 0.011421, 0.0, 0.0, 0.0, 1.0],
                [1.0, 0.0, -1e-06, 0.322342, 0.0, 1.0, 0.0, -0.714304, 1e-06, 0.0, 1.0, 0.011421, 0.0, 0.0, 0.0, 1.0],
                [1.0, 0.0, -1e-06, 0.322342, 0.0, 1.0, 0.0, -0.714304, 1e-06, 0.0, 1.0, 0.011421, 0.0, 0.0, 0.0, 1.0],
                [1.0, 0.0, -1e-06, 0.322342, 0.0, 1.0, 0.0, -0.714304, 1e-06, 0.0, 1.0, 0.011421, 0.0, 0.0, 0.0, 1.0],
                [1.0, 0.0, -1e-06, 0.322342, 0.0, 1.0, 0.0, -0.714304, 1e-06, 0.0, 1.0, 0.011421, 0.0, 0.0, 0.0, 1.0],
                [1.0, 0.0, -1e-06, 0.322342, 0.0, 1.0, 0.0, -0.714304, 1e-06, 0.0, 1.0, 0.011421, 0.0, 0.0, 0.0, 1.0],
                [1.0, 0.0, -1e-06, 0.322342, 0.0, 1.0, 0.0, -0.714304, 1e-06, 0.0, 1.0, 0.011421, 0.0, 0.0, 0.0, 1.0],
                [1.0, 0.0, -1e-06, 0.322342, 0.0, 1.0, 0.0, -0.714304, 1e-06, 0.0, 1.0, 0.011421, 0.0, 0.0, 0.0, 1.0],
                [1.0, 0.0, -1e-06, 0.322342, 0.0, 1.0, 0.0, -0.714304, 1e-06, 0.0, 1.0, 0.011421, 0.0, 0.0, 0.0, 1.0],
                [1.0, 0.0, -1e-06, 0.322342, 0.0, 1.0, 0.0, -0.714304, 1e-06, 0.0, 1.0, 0.011421, 0.0, 0.0, 0.0, 1.0],
                [1.0, 0.0, -1e-06, 0.322342, 0.0, 1.0, 0.0, -0.714304, 1e-06, 0.0, 1.0, 0.011421, 0.0, 0.0, 0.0, 1.0],
                [1.0, 0.0, -1e-06, 0.322342, 0.0, 1.0, 0.0, -0.714304, 1e-06, 0.0, 1.0, 0.011421, 0.0, 0.0, 0.0, 1.0],
                [1.0, 0.0, -1e-06, 0.322342, 0.0, 1.0, 0.0, -0.714304, 1e-06, 0.0, 1.0, 0.011421, 0.0, 0.0, 0.0, 1.0],
                [1.0, 0.0, -1e-06, 0.322342, 0.0, 1.0, 0.0, -0.714304, 1e-06, 0.0, 1.0, 0.011421, 0.0, 0.0, 0.0, 1.0],
                [1.0, 0.0, -1e-06, 0.322342, 0.0, 1.0, 0.0, -0.714304, 1e-06, 0.0, 1.0, 0.011421, 0.0, 0.0, 0.0, 1.0],
                [1.0, 0.0, -1e-06, 0.322342, 0.0, 1.0, 0.0, -0.714304, 1e-06, 0.0, 1.0, 0.011421, 0.0, 0.0, 0.0, 1.0],
                [1.0, 0.0, -1e-06, 0.322342, 0.0, 1.0, 0.0, -0.714304, 1e-06, 0.0, 1.0, 0.011421, 0.0, 0.0, 0.0, 1.0],
                [1.0, 0.0, -1e-06, 0.322342, 0.0, 1.0, 0.0, -0.714304, 1e-06, 0.0, 1.0, 0.011421, 0.0, 0.0, 0.0, 1.0],
                [1.0, 0.0, -1e-06, 0.322342, 0.0, 1.0, 0.0, -0.714304, 1e-06, 0.0, 1.0, 0.011421, 0.0, 0.0, 0.0, 1.0],
                [1.0, 0.0, -1e-06, 0.322342, 0.0, 1.0, 0.0, -0.714304, 1e-06, 0.0, 1.0, 0.011421, 0.0, 0.0, 0.0, 1.0],
                [1.0, 0.0, -1e-06, 0.322342, 0.0, 1.0, 0.0, -0.714304, 1e-06, 0.0, 1.0, 0.011421, 0.0, 0.0, 0.0, 1.0],
                [1.0, 0.0, -1e-06, 0.322342, 0.0, 1.0, 0.0, -0.714304, 1e-06, 0.0, 1.0, 0.011421, 0.0, 0.0, 0.0, 1.0],
                [1.0, 0.0, -1e-06, 0.322342, 0.0, 1.0, 0.0, -0.714304, 1e-06, 0.0, 1.0, 0.011421, 0.0, 0.0, 0.0, 1.0],
                [1.0, 0.0, -1e-06, 0.322342, 0.0, 1.0, 0.0, -0.714304, 1e-06, 0.0, 1.0, 0.011421, 0.0, 0.0, 0.0, 1.0],
                [1.0, 0.0, -1e-06, 0.322342, 0.0, 1.0, 0.0, -0.714304, 1e-06, 0.0, 1.0, 0.011421, 0.0, 0.0, 0.0, 1.0],
                [1.0, 0.0, -1e-06, 0.322342, 0.0, 1.0, 0.0, -0.714304, 1e-06, 0.0, 1.0, 0.011421, 0.0, 0.0, 0.0, 1.0],
                [1.0, 0.0, -1e-06, 0.322342, 0.0, 1.0, 0.0, -0.714304, 1e-06, 0.0, 1.0, 0.011421, 0.0, 0.0, 0.0, 1.0],
                [1.0, 0.0, -1e-06, 0.322342, 0.0, 1.0, 0.0, -0.714304, 1e-06, 0.0, 1.0, 0.011421, 0.0, 0.0, 0.0, 1.0],
                [1.0, 0.0, -1e-06, 0.322342, 0.0, 1.0, 0.0, -0.714304, 1e-06, 0.0, 1.0, 0.011421, 0.0, 0.0, 0.0, 1.0],
                [1.0, 0.0, -1e-06, 0.322342, 0.0, 1.0, 0.0, -0.714304, 1e-06, 0.0, 1.0, 0.011421, 0.0, 0.0, 0.0, 1.0],
                [1.0, 0.0, -1e-06, 0.322342, 0.0, 1.0, 0.0, -0.714304, 1e-06, 0.0, 1.0, 0.011421, 0.0, 0.0, 0.0, 1.0],
                [1.0, 0.0, -1e-06, 0.322342, 0.0, 1.0, 0.0, -0.714304, 1e-06, 0.0, 1.0, 0.011421, 0.0, 0.0, 0.0, 1.0],
                [1.0, 0.0, -1e-06, 0.322342, 0.0, 1.0, 0.0, -0.714304, 1e-06, 0.0, 1.0, 0.011421, 0.0, 0.0, 0.0, 1.0],
                [1.0, 0.0, -1e-06, 0.322342, 0.0, 1.0, 0.0, -0.714304, 1e-06, 0.0, 1.0, 0.011421, 0.0, 0.0, 0.0, 1.0],
                [1.0, 0.0, -1e-06, 0.322342, 0.0, 1.0, 0.0, -0.714304, 1e-06, 0.0, 1.0, 0.011421, 0.0, 0.0, 0.0, 1.0],
                [1.0, 0.0, -1e-06, 0.322342, 0.0, 1.0, 0.0, -0.714304, 1e-06, 0.0, 1.0, 0.011421, 0.0, 0.0, 0.0, 1.0],
                [1.0, 0.0, -1e-06, 0.322342, 0.0, 1.0, 0.0, -0.714304, 1e-06, 0.0, 1.0, 0.011421, 0.0, 0.0, 0.0, 1.0],
                [1.0, 0.0, -1e-06, 0.322342, 0.0, 1.0, 0.0, -0.714304, 1e-06, 0.0, 1.0, 0.011421, 0.0, 0.0, 0.0, 1.0],
                [1.0, 0.0, -1e-06, 0.322342, 0.0, 1.0, 0.0, -0.714304, 1e-06, 0.0, 1.0, 0.011421, 0.0, 0.0, 0.0, 1.0],
                [1.0, 0.0, -1e-06, 0.322342, 0.0, 1.0, 0.0, -0.714304, 1e-06, 0.0, 1.0, 0.011421, 0.0, 0.0, 0.0, 1.0],
                [1.0, 0.0, -1e-06, 0.322342, 0.0, 1.0, 0.0, -0.714304, 1e-06, 0.0, 1.0, 0.011421, 0.0, 0.0, 0.0, 1.0],
                [1.0, 0.0, -1e-06, 0.322342, 0.0, 1.0, 0.0, -0.714304, 1e-06, 0.0, 1.0, 0.011421, 0.0, 0.0, 0.0, 1.0],
                [1.0, 0.0, -1e-06, 0.322342, 0.0, 1.0, 0.0, -0.714304, 1e-06, 0.0, 1.0, 0.011421, 0.0, 0.0, 0.0, 1.0],
                [1.0, 0.0, -1e-06, 0.322342, 0.0, 1.0, 0.0, -0.714304, 1e-06, 0.0, 1.0, 0.011421, 0.0, 0.0, 0.0, 1.0],
                [1.0, 0.0, -1e-06, 0.322342, 0.0, 1.0, 0.0, -0.714304, 1e-06, 0.0, 1.0, 0.011421, 0.0, 0.0, 0.0, 1.0],
                [1.0, 0.0, -1e-06, 0.322342, 0.0, 1.0, 0.0, -0.714304, 1e-06, 0.0, 1.0, 0.011421, 0.0, 0.0, 0.0, 1.0],
                [1.0, 0.0, -1e-06, 0.322342, 0.0, 1.0, 0.0, -0.714304, 1e-06, 0.0, 1.0, 0.011421, 0.0, 0.0, 0.0, 1.0],
                [1.0, 0.0, -1e-06, 0.322342, 0.0, 1.0, 0.0, -0.714304, 1e-06, 0.0, 1.0, 0.011421, 0.0, 0.0, 0.0, 1.0],
                [1.0, 0.0, -1e-06, 0.322342, 0.0, 1.0, 0.0, -0.714304, 1e-06, 0.0, 1.0, 0.011421, 0.0, 0.0, 0.0, 1.0],
                [1.0, 0.0, -1e-06, 0.322342, 0.0, 1.0, 0.0, -0.714304, 1e-06, 0.0, 1.0, 0.011421, 0.0, 0.0, 0.0, 1.0]
            ]
        },
        {
            "name": "Root",
            "time": [0.0, 0.0167, 0.0333, 0.05, 0.0667, 0.0833, 0.1, 0.1167, 0.1333, 0.15, 0.1667, 0.1833, 0.2, 0.2167, 0.2333, 0.25, 0.2667, 0.2833, 0.3, 0.3167, 0.3333, 0.35, 0.3667, 0.3833, 0.4, 0.4167, 0.4333, 0.45, 0.4667, 0.4833, 0.5, 0.5167, 0.5333, 0.55, 0.5667, 0.5833, 0.6, 0.6167, 0.6333, 0.65, 0.6667, 0.6833, 0.7, 0.7167, 0.7333, 0.75, 0.7667, 0.7833, 0.8, 0.8167, 0.8333, 0.85, 0.8667, 0.8833, 0.9, 0.9167, 0.9333, 0.95, 0.9667, 0.9833, 1.0, 1.0167, 1.0333, 1.05, 1.0667, 1.0833, 1.1, 1.1167, 1.1333, 1.15, 1.1667, 1.1833, 1.2, 1.2167, 1.2333, 1.25, 1.2667, 1.2833, 1.3, 1.3167, 1.3333, 1.35, 1.3667, 1.3833, 1.4, 1.4167, 1.4333, 1.45, 1.4667, 1.4833, 1.5],
            "transform": [
                [0.99502, -0.00014, 0.099679, -5e-06, 0.099575, -0.044431, -0.994038, 0.000946, 0.004568, 0.999012, -0.044196, 0.659287, 0.0, 0.0, 0.0, 1.0],
                [0.996028, 0.000119, 0.089042, -5e-06, 0.088921, -0.053439, -0.994604, -0.005783, 0.00464, 0.998571, -0.053237, 0.659287, 0.0, 0.0, 0.0, 1.0],
                [0.998197, 0.000336, 0.060028, -5e-06, 0.059872, -0.077947, -0.995158, -0.024505, 0.004345, 0.996957, -0.077826, 0.659287, 0.0, 0.0, 0.0, 1.0],
                [0.999855, -0.000656, 0.017, -5e-06, 0.016814, -0.114126, -0.993324, -0.053016, 0.002592, 0.993466, -0.114098, 0.659287, 0.0, 0.0, 0.0, 1.0],
                [0.999365, -0.00398, -0.035421, -5e-06, -0.035605, -0.157931, -0.986808, -0.089115, -0.001666, 0.987442, -0.157973, 0.659287, 0.0, 0.0, 0.0, 1.0],
                [0.995681, -0.01024, -0.092269, -5e-06, -0.092404, -0.205099, -0.974369, -0.130599, -0.008946, 0.978688, -0.20516, 0.659287, 0.0, 0.0, 0.0, 1.0],
                [0.988734, -0.019213, -0.148445, -5e-06, -0.148481, -0.251354, -0.956438, -0.175266, -0.018936, 0.967704, -0.251375, 0.659287, 0.0, 0.0, 0.0, 1.0],
                [0.979533, -0.029778, -0.19907, -5e-06, -0.198973, -0.292723, -0.935266, -0.220915, -0.030423, 0.955733, -0.292657, 0.659287, 0.0, 0.0, 0.0, 1.0],
                [0.969997, -0.040074, -0.239792, -5e-06, -0.239555, -0.32577, -0.914597, -0.265343, -0.041466, 0.944599, -0.325596, 0.659287, 0.0, 0.0, 0.0, 1.0],
                [0.962557, -0.047844, -0.266826, -5e-06, -0.26648, -0.34759, -0.898983, -0.306348, -0.049735, 0.936425, -0.347324, 0.659287, 0.0, 0.0, 0.0, 1.0],
                [0.959624, -0.050861, -0.276651, -5e-06, -0.276261, -0.355495, -0.892918, -0.341728, -0.052934, 0.933293, -0.355193, 0.659287, 0.0, 0.0, 0.0, 1.0],
                [0.959624, -0.050861, -0.27665, -5e-06, -0.276261, -0.355495, -0.892918, -0.369847, -0.052934, 0.933293, -0.355192, 0.657607, 0.0, 0.0, 0.0, 1.0],
                [0.959624, -0.050861, -0.27665, -5e-06, -0.276261, -0.355495, -0.892918, -0.391333, -0.052934, 0.933293, -0.355192, 0.653046, 0.0, 0.0, 0.0, 1.0],
                [0.959624, -0.050861, -0.27665, -5e-06, -0.276261, -0.355495, -0.892918, -0.40738, -0.052934, 0.933293, -0.355192, 0.646325, 0.0, 0.0, 0.0, 1.0],
                [0.959624, -0.050861, -0.27665, -5e-06, -0.276261, -0.355495, -0.892918, -0.419183, -0.052934, 0.933293, -0.355192, 0.638164, 0.0, 0.0, 0.0, 1.0],
                [0.959624, -0.050861, -0.27665, -5e-06, -0.276261, -0.355495, -0.892918, -0.427936, -0.052934, 0.933293, -0.355192, 0.629283, 0.0, 0.0, 0.0, 1.0],
                [0.959624, -0.050861, -0.27665, -5e-06, -0.276261, -0.355495, -0.892918, -0.434833, -0.052934, 0.933293, -0.355192, 0.620401, 0.0, 0.0, 0.0, 1.0],
                [0.959624, -0.050861, -0.27665, -5e-06, -0.276261, -0.355495, -0.892918, -0.441068, -0.052934, 0.933293, -0.355192, 0.61224, 0.0, 0.0, 0.0, 1.0],
                [0.959624, -0.050861, -0.27665, -5e-06, -0.276261, -0.355495, -0.892918, -0.447836, -0.052934, 0.933293, -0.355192, 0.605519, 0.0, 0.0, 0.0, 1.0],
                [0.959624, -0.050861, -0.27665, -5e-06, -0.276261, -0.355495, -0.892918, -0.456331, -0.052934, 0.933293, -0.355192, 0.600958, 0.0, 0.0, 0.0, 1.0],
                [0.959624, -0.050861, -0.27665, -5e-06, -0.276261, -0.355495, -0.892918, -0.467746, -0.052934, 0.933293, -0.355192, 0.599278, 0.0, 0.0, 0.0, 1.0],
                [0.959624, -0.050861, -0.27665, -5e-06, -0.276261, -0.355495, -0.892918, -0.483022, -0.052934, 0.933293, -0.355192, 0.601262, 0.0, 0.0, 0.0, 1.0],
                [0.959624, -0.050861, -0.27665, -5e-06, -0.276261, -0.355495, -0.892918, -0.502079, -0.052934, 0.933293, -0.355192, 0.606646, 0.0, 0.0, 0.0, 1.0],
                [0.959624, -0.050861, -0.27665, -5e-06, -0.276261, -0.355495, -0.892918, -0.52458, -0.052934, 0.933293, -0.355192, 0.61458, 0.0, 0.0, 0.0, 1.0],
                [0.959624, -0.050861, -0.27665, -5e-06, -0.276261, -0.355495, -0.892918, -0.550193, -0.052934, 0.933293, -0.355192, 0.624214, 0.0, 0.0, 0.0, 1.0],
                [0.959624, -0.050861, -0.27665, -5e-06, -0.276261, -0.355495, -0.892918, -0.57858, -0.052934, 0.933293, -0.355192, 0.634699, 0.0, 0.0, 0.0, 1.0],
                [0.959624, -0.050861, -0.27665, -5e-06, -0.276261, -0.355495, -0.892918, -0.609408, -0.052934, 0.933293, -0.355192, 0.645183, 0.0, 0.0, 0.0, 1.0],
                [0.959624, -0.050861, -0.27665, -5e-06, -0.276261, -0.355495, -0.892918, -0.642342, -0.052934, 0.933293, -0.355192, 0.654817, 0.0, 0.0, 0.0, 1.0],
                [0.959624, -0.050861, -0.27665, -5e-06, -0.276261, -0.355495, -0.892918, -0.677046, -0.052934, 0.933293, -0.355192, 0.662752, 0.0, 0.0, 0.0, 1.0],
                [0.959624, -0.050861, -0.27665, -5e-06, -0.276261, -0.355495, -0.892918, -0.713186, -0.052934, 0.933293, -0.355192, 0.668136, 0.0, 0.0, 0.0, 1.0],
                [0.959624, -0.050861, -0.27665, -5e-06, -0.276261, -0.355495, -0.892918, -0.750427, -0.052934, 0.933293, -0.355192, 0.670119, 0.0, 0.0, 0.0, 1.0],
                [0.959702, -0.050714, -0.276406, -5e-06, -0.275995, -0.355261, -0.893094, -0.788338, -0.052904, 0.93339, -0.354942, 0.668199, 0.0, 0.0, 0.0, 1.0],
                [0.959933, -0.050282, -0.275682, -5e-06, -0.275207, -0.354568, -0.893612, -0.826109, -0.052815, 0.933677, -0.3542, 0.662986, 0.0, 0.0, 0.0, 1.0],
                [0.96031, -0.049575, -0.274493, -5e-06, -0.273916, -0.353431, -0.894459, -0.862831, -0.052672, 0.934146, -0.352983, 0.655305, 0.0, 0.0, 0.0, 1.0],
                [0.960826, -0.048604, -0.272856, -5e-06, -0.272137, -0.351864, -0.895619, -0.897599, -0.052477, 0.934788, -0.351307, 0.645977, 0.0, 0.0, 0.0, 1.0],
                [0.961474, -0.047382, -0.270783, -5e-06, -0.269888, -0.349879, -0.897076, -0.929506, -0.052237, 0.935596, -0.349188, 0.635827, 0.0, 0.0, 0.0, 1.0],
                [0.962244, -0.04592, -0.268288, -5e-06, -0.267185, -0.34749, -0.898812, -0.957645, -0.051954, 0.936559, -0.346639, 0.625676, 0.0, 0.0, 0.0, 1.0],
                [0.963128, -0.044231, -0.265384, -5e-06, -0.264043, -0.344708, -0.900809, -0.981109, -0.051636, 0.937667, -0.343677, 0.616349, 0.0, 0.0, 0.0, 1.0],
                [0.964116, -0.042329, -0.262084, -5e-06, -0.260479, -0.341545, -0.903049, -0.998992, -0.051288, 0.938912, -0.340315, 0.608667, 0.0, 0.0, 0.0, 1.0],
                [0.9652, -0.040226, -0.2584, -5e-06, -0.256507, -0.338012, -0.905512, -1.010387, -0.050917, 0.940282, -0.336567, 0.603455, 0.0, 0.0, 0.0, 1.0],
                [0.966369, -0.037937, -0.254345, -5e-06, -0.252145, -0.334121, -0.908177, -1.014387, -0.050529, 0.941766, -0.33245, 0.601534, 0.0, 0.0, 0.0, 1.0],
                [0.967614, -0.035474, -0.249931, -5e-06, -0.247408, -0.329883, -0.911025, -1.014343, -0.05013, 0.943355, -0.327976, 0.601604, 0.0, 0.0, 0.0, 1.0],
                [0.968923, -0.032853, -0.24517, -5e-06, -0.242312, -0.32531, -0.914034, -1.014212, -0.049728, 0.945037, -0.323161, 0.601811, 0.0, 0.0, 0.0, 1.0],
                [0.970288, -0.030086, -0.240076, -5e-06, -0.236872, -0.320412, -0.917185, -1.014, -0.049328, 0.9468, -0.318019, 0.602147, 0.0, 0.0, 0.0, 1.0],
                [0.971697, -0.027189, -0.234661, -5e-06, -0.231105, -0.315203, -0.920455, -1.013709, -0.048939, 0.948635, -0.312565, 0.602609, 0.0, 0.0, 0.0, 1.0],
                [0.973141, -0.024175, -0.228937, -5e-06, -0.225029, -0.309693, -0.923825, -1.013343, -0.048567, 0.950529, -0.306814, 0.60319, 0.0, 0.0, 0.0, 1.0],
                [0.974609, -0.021058, -0.222919, -5e-06, -0.218659, -0.303894, -0.927274, -1.012905, -0.048218, 0.952473, -0.300783, 0.603884, 0.0, 0.0, 0.0, 1.0],
                [0.976093, -0.017852, -0.216621, -5e-06, -0.212012, -0.297821, -0.930781, -1.012399, -0.047898, 0.954455, -0.294486, 0.604687, 0.0, 0.0, 0.0, 1.0],
                [0.977581, -0.014571, -0.210056, -5e-06, -0.205106, -0.291485, -0.934327, -1.011829, -0.047614, 0.956464, -0.287939, 0.605591, 0.0, 0.0, 0.0, 1.0],
                [0.979065, -0.011228, -0.203239, -5e-06, -0.19796, -0.284901, -0.937893, -1.011197, -0.047372, 0.958491, -0.281159, 0.606592, 0.0, 0.0, 0.0, 1.0],
                [0.980536, -0.007838, -0.196185, -5e-06, -0.19059, -0.278083, -0.941459, -1.010509, -0.047176, 0.960525, -0.274164, 0.607684, 0.0, 0.0, 0.0, 1.0],
                [0.981984, -0.004413, -0.188911, -5e-06, -0.183016, -0.271044, -0.945008, -1.009767, -0.047033, 0.962557, -0.266969, 0.608861, 0.0, 0.0, 0.0, 1.0],
                [0.983403, -0.000966, -0.181432, -5e-06, -0.175256, -0.263802, -0.948522, -1.008975, -0.046945, 0.964576, -0.259593, 0.610117, 0.0, 0.0, 0.0, 1.0],
                [0.984784, 0.00249, -0.173765, -5e-06, -0.167329, -0.256371, -0.951985, -1.008136, -0.046918, 0.966575, -0.252053, 0.611448, 0.0, 0.0, 0.0, 1.0],
                [0.98612, 0.005943, -0.165927, -5e-06, -0.159255, -0.248767, -0.955381, -1.007254, -0.046955, 0.968545, -0.244368, 0.612846, 0.0, 0.0, 0.0, 1.0],
                [0.987405, 0.009382, -0.157937, -5e-06, -0.151055, -0.241009, -0.958696, -1.006333, -0.047059, 0.970478, -0.236556, 0.614307, 0.0, 0.0, 0.0, 1.0],
                [0.988632, 0.012796, -0.149812, -5e-06, -0.142746, -0.233113, -0.961916, -1.005376, -0.047232, 0.972365, -0.228636, 0.615824, 0.0, 0.0, 0.0, 1.0],
                [0.989796, 0.016174, -0.141572, -5e-06, -0.134351, -0.225098, -0.965029, -1.004387, -0.047476, 0.974202, -0.220628, 0.617393, 0.0, 0.0, 0.0, 1.0],
                [0.990892, 0.019506, -0.133236, -5e-06, -0.12589, -0.216982, -0.968024, -1.003369, -0.047792, 0.975981, -0.21255, 0.619007, 0.0, 0.0, 0.0, 1.0],
                [0.991917, 0.022782, -0.124824, -5e-06, -0.117383, -0.208784, -0.970891, -1.002326, -0.048181, 0.977696, -0.204423, 0.620661, 0.0, 0.0, 0.0, 1.0],
                [0.992867, 0.025995, -0.116356, -5e-06, -0.10885, -0.200525, -0.973623, -1.001262, -0.048641, 0.979344, -0.196265, 0.622349, 0.0, 0.0, 0.0, 1.0],
                [0.99374, 0.029135, -0.107852, -5e-06, -0.100314, -0.192224, -0.976211, -1.00018, -0.049174, 0.980918, -0.188098, 0.624065, 0.0, 0.0, 0.0, 1.0],
                [0.994533, 0.032195, -0.099334, -5e-06, -0.091794, -0.183901, -0.978649, -0.999083, -0.049776, 0.982417, -0.179941, 0.625804, 0.0, 0.0, 0.0, 1.0],
                [0.995246, 0.035169, -0.090823, -5e-06, -0.083313, -0.175578, -0.980934, -0.997976, -0.050445, 0.983837, -0.171813, 0.62756, 0.0, 0.0, 0.0, 1.0],
                [0.995878, 0.038051, -0.08234, -5e-06, -0.074889, -0.167276, -0.983062, -0.996862, -0.05118, 0.985176, -0.163736, 0.629328, 0.0, 0.0, 0.0, 1.0],
                [0.996429, 0.040834, -0.073907, -5e-06, -0.066545, -0.159015, -0.985031, -0.995744, -0.051976, 0.986431, -0.15573, 0.631101, 0.0, 0.0, 0.0, 1.0],
                [0.9969, 0.043516, -0.065546, -5e-06, -0.058301, -0.150818, -0.986841, -0.994626, -0.052828, 0.987603, -0.147813, 0.632874, 0.0, 0.0, 0.0, 1.0],
                [0.997294, 0.04609, -0.057278, -5e-06, -0.050177, -0.142706, -0.988492, -0.993511, -0.053734, 0.988691, -0.140007, 0.634641, 0.0, 0.0, 0.0, 1.0],
                [0.997612, 0.048555, -0.049126, -5e-06, -0.042194, -0.134701, -0.989988, -0.992404, -0.054686, 0.989696, -0.132331, 0.636397, 0.0, 0.0, 0.0, 1.0],
                [0.997857, 0.050908, -0.041111, -5e-06, -0.034372, -0.126825, -0.991329, -0.991308, -0.05568, 0.990618, -0.124803, 0.638136, 0.0, 0.0, 0.0, 1.0],
                [0.998033, 0.053146, -0.033256, -5e-06, -0.02673, -0.1191, -0.992522, -0.990225, -0.056709, 0.991459, -0.117445, 0.639852, 0.0, 0.0, 0.0, 1.0],
                [0.998144, 0.055268, -0.025581, -5e-06, -0.019288, -0.111548, -0.993572, -0.989161, -0.057766, 0.992221, -0.110275, 0.64154, 0.0, 0.0, 0.0, 1.0],
                [0.998194, 0.057274, -0.01811, -5e-06, -0.012065, -0.10419, -0.994484, -0.988118, -0.058845, 0.992907, -0.103311, 0.643194, 0.0, 0.0, 0.0, 1.0],
                [0.998189, 0.059163, -0.010864, -5e-06, -0.00508, -0.097048, -0.995267, -0.9871, -0.059937, 0.99352, -0.096572, 0.644808, 0.0, 0.0, 0.0, 1.0],
                [0.998134, 0.060934, -0.003863, -5e-06, 0.001649, -0.090145, -0.995927, -0.986111, -0.061034, 0.994063, -0.090077, 0.646377, 0.0, 0.0, 0.0, 1.0],
                [0.998035, 0.06259, 0.00287, -5e-06, 0.008102, -0.083501, -0.996475, -0.985154, -0.06213, 0.99454, -0.083844, 0.647894, 0.0, 0.0, 0.0, 1.0],
                [0.997898, 0.06413, 0.009315, -5e-06, 0.014263, -0.077138, -0.996918, -0.984233, -0.063214, 0.994956, -0.07789, 0.649355, 0.0, 0.0, 0.0, 1.0],
                [0.997729, 0.065556, 0.01545, -5e-06, 0.020113, -0.071076, -0.997268, -0.983352, -0.064279, 0.995314, -0.072233, 0.650753, 0.0, 0.0, 0.0, 1.0],
                [0.997535, 0.066869, 0.021256, -5e-06, 0.025636, -0.065338, -0.997534, -0.982513, -0.065316, 0.99562, -0.066891, 0.652084, 0.0, 0.0, 0.0, 1.0],
                [0.997323, 0.068072, 0.026711, -5e-06, 0.030813, -0.059943, -0.997726, -0.981721, -0.066316, 0.995878, -0.06188, 0.65334, 0.0, 0.0, 0.0, 1.0],
                [0.997098, 0.069165, 0.031796, -5e-06, 0.035629, -0.054912, -0.997855, -0.980978, -0.06727, 0.996093, -0.057217, 0.654517, 0.0, 0.0, 0.0, 1.0],
                [0.996869, 0.07015, 0.036489, -5e-06, 0.040065, -0.050267, -0.997932, -0.98029, -0.068171, 0.996269, -0.05292, 0.655609, 0.0, 0.0, 0.0, 1.0],
                [0.996641, 0.071029, 0.040772, -5e-06, 0.044106, -0.046026, -0.997966, -0.979659, -0.069008, 0.996412, -0.049004, 0.65661, 0.0, 0.0, 0.0, 1.0],
                [0.99642, 0.071804, 0.044624, -5e-06, 0.047735, -0.04221, -0.997968, -0.979088, -0.069774, 0.996525, -0.045486, 0.657514, 0.0, 0.0, 0.0, 1.0],
                [0.996213, 0.072475, 0.048026, -5e-06, 0.050935, -0.038839, -0.997947, -0.978583, -0.070461, 0.996614, -0.042384, 0.658317, 0.0, 0.0, 0.0, 1.0],
                [0.996026, 0.073045, 0.050958, -5e-06, 0.053689, -0.035933, -0.997911, -0.978145, -0.071061, 0.996681, -0.039712, 0.659011, 0.0, 0.0, 0.0, 1.0],
                [0.995864, 0.073512, 0.0534, -5e-06, 0.055981, -0.033512, -0.997869, -0.977778, -0.071566, 0.996731, -0.037488, 0.659592, 0.0, 0.0, 0.0, 1.0],
                [0.995731, 0.073878, 0.055334, -5e-06, 0.057794, -0.031594, -0.997828, -0.977487, -0.07197, 0.996767, -0.035729, 0.660054, 0.0, 0.0, 0.0, 1.0],
                [0.995632, 0.074142, 0.056739, -5e-06, 0.059111, -0.030201, -0.997794, -0.977275, -0.072265, 0.99679, -0.034451, 0.660391, 0.0, 0.0, 0.0, 1.0],
                [0.995571, 0.074302, 0.057596, -5e-06, 0.059914, -0.02935, -0.997772, -0.977145, -0.072446, 0.996804, -0.033672, 0.660597, 0.0, 0.0, 0.0, 1.0],
                [0.99555, 0.074355, 0.057886, -5e-06, 0.060186, -0.029062, -0.997764, -0.977101, -0.072507, 0.996808, -0.033408, 0.660667, 0.0, 0.0, 0.0, 1.0]
            ]
        },
        {
            "name": "Thigh_R",
            "time": [0.0, 0.0167, 0.0333, 0.05, 0.0667, 0.0833, 0.1, 0.1167, 0.1333, 0.15, 0.1667, 0.1833, 0.2, 0.2167, 0.2333, 0.25, 0.2667, 0.2833, 0.3, 0.3167, 0.3333, 0.35, 0.3667, 0.3833, 0.4, 0.4167, 0.4333, 0.45, 0.4667, 0.4833, 0.5, 0.5167, 0.5333, 0.55, 0.5667, 0.5833, 0.6, 0.6167, 0.6333, 0.65, 0.6667, 0.6833, 0.7, 0.7167, 0.7333, 0.75, 0.7667, 0.7833, 0.8, 0.8167, 0.8333, 0.85, 0.8667, 0.8833, 0.9, 0.9167, 0.9333, 0.95, 0.9667, 0.9833, 1.0, 1.0167, 1.0333, 1.05, 1.0667, 1.0833, 1.1, 1.1167, 1.1333, 1.15, 1.1667, 1.1833, 1.2, 1.2167, 1.2333, 1.25, 1.2667, 1.2833, 1.3, 1.3167, 1.3333, 1.35, 1.3667, 1.3833, 1.4, 1.4167, 1.4333, 1.45, 1.4667, 1.4833, 1.5],
            "transform": [
                [0.951876, 0.298985, -0.067381, 0.125015, 0.286933, -0.792086, 0.538766, -0.002831, 0.107712, -0.532172, -0.839757, -1.2e-05, 0.0, 0.0, 0.0, 1.0],
                [0.952686, 0.297266, -0.063422, 0.125015, 0.283786, -0.795143, 0.535922, -0.002831, 0.108882, -0.528564, -0.841882, -1.2e-05, 0.0, 0.0, 0.0, 1.0],
                [0.954822, 0.292494, -0.052556, 0.125015, 0.275247, -0.803743, 0.527481, -0.002831, 0.112044, -0.518116, -0.84794, -1.2e-05, 0.0, 0.0, 0.0, 1.0],
